#	A	C	D	E	F	G	H	I	K	L	M	N	P	Q	R	S	T	V	W	Y
Q98GN8	0.14929577464788732	0.008450704225352112	0.030985915492957747	0.036619718309859155	0.05070422535211268	0.08169014084507042	0.0028169014084507044	0.05352112676056338	0.016901408450704224	0.1323943661971831	0.022535211267605635	0.014084507042253521	0.059154929577464786	0.022535211267605635	0.0676056338028169	0.061971830985915494	0.04788732394366197	0.10422535211267606	0.01971830985915493	0.016901408450704224
Q8GTM0	0.12380952380952381	0.08571428571428572	0.02857142857142857	0.10476190476190476	0.05714285714285714	0.02857142857142857	0.009523809523809525	0.06666666666666667	0.08571428571428572	0.08571428571428572	0.05714285714285714	0.01904761904761905	0.0380952380952381	0.009523809523809525	0.047619047619047616	0.0380952380952381	0.0761904761904762	0.02857142857142857	0.0	0.009523809523809525
P10477	0.07371007371007371	0.011056511056511056	0.060196560196560195	0.05405405405405406	0.038083538083538086	0.07862407862407862	0.014742014742014743	0.060196560196560195	0.04914004914004914	0.07616707616707617	0.025798525798525797	0.0687960687960688	0.052825552825552825	0.014742014742014743	0.042997542997543	0.0687960687960688	0.06388206388206388	0.07985257985257985	0.02334152334152334	0.042997542997543
Q9SR19	0.0757238307349666	0.004454342984409799	0.060133630289532294	0.08240534521158129	0.0334075723830735	0.060133630289532294	0.0066815144766146995	0.05790645879732739	0.06904231625835189	0.09131403118040089	0.015590200445434299	0.035634743875278395	0.066815144766147	0.0334075723830735	0.0645879732739421	0.07349665924276169	0.0467706013363029	0.0801781737193764	0.017817371937639197	0.024498886414253896
Q9Y4P1	0.06615776081424936	0.03307888040712468	0.07124681933842239	0.06361323155216285	0.058524173027989825	0.06615776081424936	0.02544529262086514	0.05089058524173028	0.03307888040712468	0.09414758269720101	0.02544529262086514	0.02544529262086514	0.06361323155216285	0.035623409669211195	0.05343511450381679	0.06870229007633588	0.05597964376590331	0.058524173027989825	0.022900763358778626	0.027989821882951654
Q9BZP6	0.08403361344537816	0.025210084033613446	0.04201680672268908	0.03571428571428571	0.04831932773109244	0.10084033613445378	0.014705882352941176	0.052521008403361345	0.04201680672268908	0.07983193277310924	0.01680672268907563	0.07142857142857142	0.0546218487394958	0.052521008403361345	0.02100840336134454	0.06512605042016807	0.06722689075630252	0.04411764705882353	0.0273109243697479	0.0546218487394958
Q99JR6	0.0653061224489796	0.012244897959183673	0.053061224489795916	0.053061224489795916	0.02040816326530612	0.061224489795918366	0.04897959183673469	0.061224489795918366	0.05714285714285714	0.10204081632653061	0.02040816326530612	0.0326530612244898	0.053061224489795916	0.05714285714285714	0.061224489795918366	0.07346938775510205	0.044897959183673466	0.07346938775510205	0.02040816326530612	0.02857142857142857
Q9F1Y6	0.125	0.013636363636363636	0.06363636363636363	0.056818181818181816	0.022727272727272728	0.07045454545454545	0.04090909090909091	0.01818181818181818	0.006818181818181818	0.08181818181818182	0.01818181818181818	0.025	0.12272727272727273	0.02727272727272727	0.0659090909090909	0.045454545454545456	0.06363636363636363	0.075	0.01818181818181818	0.038636363636363635
Q9UMX1	0.05371900826446281	0.012396694214876033	0.05578512396694215	0.08057851239669421	0.03925619834710744	0.07851239669421488	0.03512396694214876	0.05165289256198347	0.030991735537190084	0.1012396694214876	0.01652892561983471	0.024793388429752067	0.09504132231404959	0.04132231404958678	0.05785123966942149	0.07644628099173553	0.05991735537190083	0.047520661157024795	0.01859504132231405	0.022727272727272728
P19491	0.0622876557191393	0.01245753114382786	0.04869762174405436	0.06342015855039637	0.05096262740656852	0.08267270668176671	0.011325028312570781	0.06908267270668177	0.07134767836919592	0.08040770101925254	0.02491506228765572	0.0464326160815402	0.02944507361268403	0.03284258210645526	0.04077010192525481	0.08267270668176671	0.05549263873159683	0.07474518686296716	0.01698754246885617	0.04303510758776897
P29317	0.07581967213114754	0.02663934426229508	0.04610655737704918	0.07172131147540983	0.0389344262295082	0.0778688524590164	0.0194672131147541	0.04405737704918033	0.04918032786885246	0.07684426229508197	0.027663934426229508	0.028688524590163935	0.05942622950819672	0.0389344262295082	0.05430327868852459	0.07274590163934426	0.05942622950819672	0.07889344262295082	0.01639344262295082	0.036885245901639344
Q9UIF8	0.06365313653136531	0.01429889298892989	0.06273062730627306	0.08902214022140222	0.026291512915129153	0.058118081180811805	0.02029520295202952	0.03874538745387454	0.08902214022140222	0.08487084870848709	0.020756457564575646	0.04381918819188192	0.05396678966789668	0.055350553505535055	0.05212177121771218	0.11070110701107011	0.05212177121771218	0.04566420664206642	0.007841328413284132	0.010608856088560886
P16113	0.072	0.008	0.096	0.056	0.072	0.104	0.016	0.04	0.088	0.056	0.04	0.048	0.032	0.04	0.016	0.04	0.056	0.072	0.008	0.04
O75874	0.0748792270531401	0.012077294685990338	0.06038647342995169	0.07004830917874397	0.04106280193236715	0.07971014492753623	0.021739130434782608	0.07246376811594203	0.0893719806763285	0.06521739130434782	0.033816425120772944	0.04106280193236715	0.028985507246376812	0.043478260869565216	0.036231884057971016	0.05314009661835749	0.057971014492753624	0.06038647342995169	0.016908212560386472	0.04106280193236715
P22346	0.06815203145478375	0.001310615989515072	0.07470511140235911	0.07077326343381389	0.05504587155963303	0.04849279161205767	0.023591087811271297	0.05504587155963303	0.07339449541284404	0.11402359108781127	0.019659239842726082	0.057667103538663174	0.03145478374836173	0.03669724770642202	0.03800786369593709	0.061598951507208385	0.053735255570117955	0.0563564875491481	0.020969855832241154	0.039318479685452164
Q9UGL1	0.06476683937823834	0.03562176165803109	0.054404145077720206	0.086139896373057	0.029792746113989636	0.04404145077720207	0.023316062176165803	0.03562176165803109	0.06800518134715026	0.11398963730569948	0.023316062176165803	0.033031088082901554	0.06541450777202072	0.04598445595854922	0.06347150259067358	0.06865284974093264	0.04339378238341969	0.06023316062176166	0.016191709844559584	0.02461139896373057
P19544	0.06904231625835189	0.035634743875278395	0.031180400890868598	0.035634743875278395	0.042316258351893093	0.08908685968819599	0.053452115812917596	0.011135857461024499	0.044543429844097995	0.062360801781737196	0.022271714922048998	0.026726057906458798	0.10690423162583519	0.0645879732739421	0.05790645879732739	0.10022271714922049	0.066815144766147	0.0378619153674833	0.011135857461024499	0.031180400890868598
Q86X55	0.08881578947368421	0.01644736842105263	0.03782894736842105	0.04276315789473684	0.05098684210526316	0.08881578947368421	0.03125	0.054276315789473686	0.03289473684210526	0.07236842105263158	0.03453947368421053	0.039473684210526314	0.047697368421052634	0.046052631578947366	0.03618421052631579	0.10032894736842106	0.06414473684210527	0.06907894736842106	0.008223684210526315	0.03782894736842105
O60674	0.045936395759717315	0.023851590106007067	0.05035335689045936	0.07597173144876325	0.04770318021201413	0.054770318021201414	0.029151943462897525	0.06713780918727916	0.06978798586572438	0.09628975265017668	0.026501766784452298	0.05830388692579505	0.045053003533568906	0.03975265017667844	0.053003533568904596	0.0636042402826855	0.04770318021201413	0.04946996466431095	0.012367491166077738	0.04328621908127209
P0AE67	0.12403100775193798	0.0	0.06201550387596899	0.08527131782945736	0.046511627906976744	0.07751937984496124	0.0	0.046511627906976744	0.08527131782945736	0.11627906976744186	0.05426356589147287	0.06201550387596899	0.023255813953488372	0.015503875968992248	0.031007751937984496	0.031007751937984496	0.03875968992248062	0.07751937984496124	0.007751937984496124	0.015503875968992248
P00352	0.07584830339321358	0.021956087824351298	0.05189620758483034	0.06387225548902195	0.043912175648702596	0.09580838323353294	0.015968063872255488	0.06986027944111776	0.07584830339321358	0.07385229540918163	0.017964071856287425	0.03992015968063872	0.04790419161676647	0.03592814371257485	0.033932135728542916	0.05788423153692615	0.05588822355289421	0.07584830339321358	0.013972055888223553	0.031936127744510975
Q9H1D0	0.0718954248366013	0.0196078431372549	0.0457516339869281	0.05620915032679739	0.044444444444444446	0.06274509803921569	0.023529411764705882	0.06013071895424837	0.032679738562091505	0.13202614379084968	0.040522875816993466	0.03137254901960784	0.05228758169934641	0.047058823529411764	0.0718954248366013	0.04967320261437908	0.050980392156862744	0.054901960784313725	0.0196078431372549	0.032679738562091505
Q9SR62	0.04854368932038835	0.012944983818770227	0.08090614886731391	0.06472491909385113	0.038834951456310676	0.09061488673139159	0.04854368932038835	0.06472491909385113	0.08414239482200647	0.09061488673139159	0.019417475728155338	0.032362459546925564	0.042071197411003236	0.022653721682847898	0.032362459546925564	0.08090614886731391	0.042071197411003236	0.061488673139158574	0.019417475728155338	0.022653721682847898
P09955	0.07692307692307693	0.016826923076923076	0.052884615384615384	0.07451923076923077	0.04567307692307692	0.057692307692307696	0.026442307692307692	0.057692307692307696	0.052884615384615384	0.08653846153846154	0.014423076923076924	0.057692307692307696	0.03365384615384615	0.026442307692307692	0.038461538461538464	0.06009615384615385	0.0889423076923077	0.05048076923076923	0.021634615384615384	0.06009615384615385
P09211	0.07142857142857142	0.01904761904761905	0.06190476190476191	0.047619047619047616	0.03333333333333333	0.08571428571428572	0.009523809523809525	0.03333333333333333	0.05714285714285714	0.1523809523809524	0.014285714285714285	0.0380952380952381	0.05238095238095238	0.06190476190476191	0.0380952380952381	0.047619047619047616	0.04285714285714286	0.06666666666666667	0.009523809523809525	0.05714285714285714
Q9KH06	0.06439393939393939	0.0	0.06060606060606061	0.10984848484848485	0.030303030303030304	0.10606060606060606	0.007575757575757576	0.026515151515151516	0.01893939393939394	0.12121212121212122	0.015151515151515152	0.022727272727272728	0.05303030303030303	0.056818181818181816	0.125	0.030303030303030304	0.05303030303030303	0.06060606060606061	0.022727272727272728	0.015151515151515152
P21524	0.08671171171171171	0.015765765765765764	0.05630630630630631	0.06531531531531531	0.03490990990990991	0.05630630630630631	0.019144144144144143	0.06644144144144144	0.059684684684684686	0.0777027027027027	0.030405405405405407	0.04842342342342342	0.04842342342342342	0.036036036036036036	0.0472972972972973	0.07207207207207207	0.06531531531531531	0.05405405405405406	0.01126126126126126	0.04842342342342342
P08709	0.05793991416309013	0.055793991416309016	0.045064377682403435	0.06437768240343347	0.030042918454935622	0.09656652360515021	0.032188841201716736	0.03648068669527897	0.0407725321888412	0.10085836909871244	0.012875536480686695	0.027896995708154508	0.05150214592274678	0.04935622317596566	0.06652360515021459	0.06652360515021459	0.05150214592274678	0.06866952789699571	0.019313304721030045	0.02575107296137339
Q4WMJ8	0.07731958762886598	0.015463917525773196	0.059278350515463915	0.07731958762886598	0.023195876288659795	0.07731958762886598	0.04896907216494845	0.061855670103092786	0.023195876288659795	0.1211340206185567	0.02577319587628866	0.030927835051546393	0.03608247422680412	0.04381443298969072	0.08505154639175258	0.061855670103092786	0.03350515463917526	0.06701030927835051	0.010309278350515464	0.020618556701030927
P0C6U8	0.07416704701049749	0.032861706983112735	0.05043359196713829	0.05476951163852122	0.044500228206298495	0.06138749429484254	0.019625741670470105	0.048379735280693746	0.058877225011410315	0.10132359653126426	0.025330899132816064	0.048836147877681424	0.03788224554997718	0.03354632587859425	0.03331811958010041	0.06800547695116385	0.0730260155180283	0.08146964856230032	0.010269283432222729	0.04198995892286627
P80293	0.12437810945273632	0.0	0.07960199004975124	0.05472636815920398	0.04975124378109453	0.06467661691542288	0.03980099502487562	0.03482587064676617	0.06467661691542288	0.0945273631840796	0.01990049751243781	0.05970149253731343	0.04477611940298507	0.029850746268656716	0.024875621890547265	0.04975124378109453	0.029850746268656716	0.05472636815920398	0.03482587064676617	0.04477611940298507
P00433	0.0708215297450425	0.028328611898016998	0.0679886685552408	0.0226628895184136	0.06515580736543909	0.04815864022662889	0.0169971671388102	0.0453257790368272	0.0169971671388102	0.12181303116147309	0.019830028328611898	0.0764872521246459	0.05099150141643059	0.036827195467422094	0.059490084985835696	0.09348441926345609	0.07932011331444759	0.06232294617563739	0.0028328611898017	0.014164305949008499
Q2TBA3	0.055288461538461536	0.03365384615384615	0.057692307692307696	0.07211538461538461	0.037259615384615384	0.06129807692307692	0.036057692307692304	0.03245192307692308	0.054086538461538464	0.11658653846153846	0.025240384615384616	0.038461538461538464	0.0625	0.042067307692307696	0.040865384615384616	0.07692307692307693	0.05048076923076923	0.06370192307692307	0.009615384615384616	0.03365384615384615
Q13546	0.05216095380029806	0.014903129657228018	0.043219076005961254	0.08643815201192251	0.026825633383010434	0.06408345752608048	0.03278688524590164	0.05216095380029806	0.06557377049180328	0.08792846497764531	0.03576751117734724	0.05961251862891207	0.05663189269746647	0.04769001490312966	0.043219076005961254	0.08494783904619971	0.043219076005961254	0.05067064083457526	0.010432190760059613	0.041728763040238454
A7SLZ2	0.050397877984084884	0.013262599469496022	0.04509283819628647	0.08222811671087533	0.06631299734748011	0.06631299734748011	0.021220159151193633	0.05305039787798409	0.058355437665782495	0.10079575596816977	0.021220159151193633	0.04509283819628647	0.03713527851458886	0.03713527851458886	0.0610079575596817	0.07161803713527852	0.050397877984084884	0.0636604774535809	0.013262599469496022	0.042440318302387266
P32445	0.08148148148148149	0.0	0.05185185185185185	0.07407407407407407	0.05925925925925926	0.05925925925925926	0.014814814814814815	0.044444444444444446	0.07407407407407407	0.06666666666666667	0.022222222222222223	0.08148148148148149	0.014814814814814815	0.044444444444444446	0.05925925925925926	0.07407407407407407	0.07407407407407407	0.05185185185185185	0.007407407407407408	0.044444444444444446
Q5SKR5	0.11848341232227488	0.0	0.061611374407582936	0.061611374407582936	0.02843601895734597	0.061611374407582936	0.02843601895734597	0.02843601895734597	0.04265402843601896	0.14218009478672985	0.03317535545023697	0.009478672985781991	0.07582938388625593	0.023696682464454975	0.0995260663507109	0.018957345971563982	0.03317535545023697	0.09004739336492891	0.0	0.04265402843601896
P77444	0.10591133004926108	0.009852216748768473	0.03694581280788178	0.06157635467980296	0.027093596059113302	0.08374384236453201	0.04433497536945813	0.05172413793103448	0.024630541871921183	0.11083743842364532	0.03201970443349754	0.05172413793103448	0.04433497536945813	0.034482758620689655	0.046798029556650245	0.05172413793103448	0.054187192118226604	0.07881773399014778	0.012315270935960592	0.03694581280788178
Q54727	0.04591104734576758	0.0014347202295552368	0.06025824964131994	0.05021520803443329	0.04160688665710186	0.08034433285509325	0.015781922525107604	0.0703012912482066	0.07604017216642754	0.08321377331420372	0.015781922525107604	0.06886657101865136	0.03012912482065997	0.03730272596843615	0.03156384505021521	0.11047345767575323	0.06169296987087518	0.054519368723098996	0.011477761836441894	0.05308464849354376
P0A6K3	0.07100591715976332	0.011834319526627219	0.07100591715976332	0.11834319526627218	0.01775147928994083	0.047337278106508875	0.023668639053254437	0.08875739644970414	0.0650887573964497	0.11834319526627218	0.029585798816568046	0.01775147928994083	0.04142011834319527	0.05325443786982249	0.08284023668639054	0.029585798816568046	0.01775147928994083	0.08284023668639054	0.0	0.011834319526627219
O85465	0.075	0.0	0.0825	0.075	0.03	0.0775	0.0225	0.0675	0.0325	0.0525	0.0225	0.0675	0.07	0.0425	0.02	0.0675	0.05	0.0625	0.04	0.0425
P02213	0.1232876712328767	0.00684931506849315	0.08904109589041095	0.02054794520547945	0.0410958904109589	0.0684931506849315	0.0136986301369863	0.0547945205479452	0.10273972602739725	0.08904109589041095	0.02054794520547945	0.06164383561643835	0.02054794520547945	0.0410958904109589	0.0273972602739726	0.04794520547945205	0.0410958904109589	0.08904109589041095	0.0136986301369863	0.0273972602739726
Q9NP87	0.08704453441295547	0.022267206477732792	0.032388663967611336	0.07489878542510121	0.04251012145748988	0.07894736842105263	0.03441295546558704	0.016194331983805668	0.030364372469635626	0.11133603238866396	0.016194331983805668	0.006072874493927126	0.07489878542510121	0.06477732793522267	0.08906882591093117	0.0708502024291498	0.05465587044534413	0.06680161943319839	0.01417004048582996	0.012145748987854251
O33833	0.027777777777777776	0.011574074074074073	0.06018518518518518	0.09722222222222222	0.05787037037037037	0.0763888888888889	0.02546296296296296	0.04861111111111111	0.06944444444444445	0.08101851851851852	0.020833333333333332	0.05324074074074074	0.03935185185185185	0.011574074074074073	0.05092592592592592	0.06481481481481481	0.05324074074074074	0.08564814814814815	0.02546296296296296	0.03935185185185185
P39594	0.13063063063063063	0.0045045045045045045	0.05855855855855856	0.08108108108108109	0.02252252252252252	0.0990990990990991	0.009009009009009009	0.09009009009009009	0.06306306306306306	0.04954954954954955	0.03153153153153153	0.02702702702702703	0.03153153153153153	0.04504504504504504	0.05405405405405406	0.04954954954954955	0.05405405405405406	0.07657657657657657	0.0	0.02252252252252252
P09382	0.1037037037037037	0.044444444444444446	0.06666666666666667	0.05185185185185185	0.07407407407407407	0.08148148148148149	0.014814814814814815	0.02962962962962963	0.05925925925925926	0.08888888888888889	0.014814814814814815	0.0962962962962963	0.05185185185185185	0.022222222222222223	0.037037037037037035	0.037037037037037035	0.02962962962962963	0.07407407407407407	0.007407407407407408	0.014814814814814815
Q00944	0.06457739791073125	0.013295346628679962	0.04938271604938271	0.08072174738841406	0.029439696106362774	0.05698005698005698	0.02564102564102564	0.05318138651471985	0.05982905982905983	0.09401709401709402	0.03418803418803419	0.03798670465337132	0.06552706552706553	0.05128205128205128	0.05887939221272555	0.07597340930674264	0.04368471035137702	0.05887939221272555	0.012345679012345678	0.03418803418803419
O14757	0.04201680672268908	0.02100840336134454	0.06302521008403361	0.06512605042016807	0.037815126050420166	0.05672268907563025	0.02100840336134454	0.05672268907563025	0.0861344537815126	0.10294117647058823	0.023109243697478993	0.04831932773109244	0.05672268907563025	0.037815126050420166	0.052521008403361345	0.07352941176470588	0.04201680672268908	0.06302521008403361	0.02100840336134454	0.029411764705882353
P0C6F2	0.06620209059233449	0.014634146341463415	0.04320557491289199	0.07317073170731707	0.025087108013937282	0.07456445993031359	0.018815331010452963	0.07177700348432056	0.08850174216027874	0.07526132404181185	0.020209059233449476	0.04041811846689895	0.05435540069686411	0.06550522648083623	0.046689895470383276	0.04250871080139373	0.06062717770034843	0.06550522648083623	0.02578397212543554	0.027177700348432057
O60603	0.03571428571428571	0.025510204081632654	0.04846938775510204	0.0663265306122449	0.04846938775510204	0.03316326530612245	0.025510204081632654	0.05994897959183673	0.0625	0.15433673469387754	0.021683673469387755	0.0625	0.03188775510204082	0.03316326530612245	0.04081632653061224	0.10204081632653061	0.05739795918367347	0.04846938775510204	0.017857142857142856	0.02423469387755102
Q9NZQ7	0.05517241379310345	0.020689655172413793	0.04827586206896552	0.07241379310344828	0.03793103448275862	0.041379310344827586	0.03103448275862069	0.06551724137931035	0.06551724137931035	0.10344827586206896	0.02413793103448276	0.04827586206896552	0.034482758620689655	0.041379310344827586	0.05172413793103448	0.04482758620689655	0.08620689655172414	0.07931034482758621	0.010344827586206896	0.03793103448275862
Q2G506	0.13157894736842105	0.0	0.05756578947368421	0.049342105263157895	0.039473684210526314	0.07072368421052631	0.018092105263157895	0.05756578947368421	0.027960526315789474	0.12006578947368421	0.02138157894736842	0.03125	0.029605263157894735	0.027960526315789474	0.07894736842105263	0.044407894736842105	0.07072368421052631	0.07894736842105263	0.014802631578947368	0.029605263157894735
P03367	0.0663441603317208	0.013821700069108501	0.0442294402211472	0.0746371803731859	0.024187975120939877	0.07394609536973047	0.019350380096751902	0.07118175535590877	0.0856945404284727	0.07671043538355218	0.019350380096751902	0.038700760193503804	0.053213545266067724	0.06565307532826538	0.04768486523842433	0.044920525224602624	0.06288873531444368	0.06565307532826538	0.025570145127850726	0.02626123013130615
Q57913	0.048507462686567165	0.0037313432835820895	0.06343283582089553	0.08582089552238806	0.05970149253731343	0.05970149253731343	0.011194029850746268	0.09701492537313433	0.08582089552238806	0.08582089552238806	0.022388059701492536	0.05970149253731343	0.029850746268656716	0.011194029850746268	0.029850746268656716	0.041044776119402986	0.06716417910447761	0.08582089552238806	0.0037313432835820895	0.048507462686567165
Q8UYT3	0.05263157894736842	0.031578947368421054	0.07368421052631578	0.08421052631578947	0.021052631578947368	0.031578947368421054	0.042105263157894736	0.06315789473684211	0.08421052631578947	0.07368421052631578	0.021052631578947368	0.042105263157894736	0.021052631578947368	0.06315789473684211	0.11578947368421053	0.11578947368421053	0.031578947368421054	0.010526315789473684	0.021052631578947368	0.0
P42684	0.0829103214890017	0.015228426395939087	0.04060913705583756	0.06937394247038917	0.028764805414551606	0.08206429780033841	0.021996615905245348	0.028764805414551606	0.06345177664974619	0.08460236886632826	0.0194585448392555	0.03553299492385787	0.07868020304568528	0.03807106598984772	0.051607445008460234	0.09475465313028765	0.06260575296108291	0.06260575296108291	0.010998307952622674	0.027918781725888325
P00509	0.11616161616161616	0.012626262626262626	0.050505050505050504	0.06818181818181818	0.050505050505050504	0.07575757575757576	0.015151515151515152	0.04292929292929293	0.045454545454545456	0.09595959595959595	0.020202020202020204	0.05808080808080808	0.03787878787878788	0.04040404040404041	0.05555555555555555	0.05303030303030303	0.05555555555555555	0.06565656565656566	0.012626262626262626	0.027777777777777776
P15116	0.0728476821192053	0.008830022075055188	0.08167770419426049	0.05739514348785872	0.02869757174392936	0.06291390728476821	0.012141280353200883	0.076158940397351	0.039735099337748346	0.08278145695364239	0.016556291390728478	0.06512141280353201	0.08167770419426049	0.04525386313465784	0.046357615894039736	0.05187637969094923	0.0640176600441501	0.0684326710816777	0.008830022075055188	0.02869757174392936
P30904	0.08695652173913043	0.02608695652173913	0.043478260869565216	0.017391304347826087	0.034782608695652174	0.0782608695652174	0.02608695652173913	0.05217391304347826	0.02608695652173913	0.09565217391304348	0.034782608695652174	0.06956521739130435	0.06086956521739131	0.05217391304347826	0.034782608695652174	0.08695652173913043	0.05217391304347826	0.06956521739130435	0.008695652173913044	0.043478260869565216
P29477	0.05856643356643357	0.02097902097902098	0.044580419580419584	0.06468531468531469	0.04895104895104895	0.055944055944055944	0.03496503496503497	0.04020979020979021	0.05332167832167832	0.10402097902097902	0.02097902097902098	0.033216783216783216	0.05856643356643357	0.06031468531468531	0.057692307692307696	0.0673076923076923	0.06381118881118882	0.062062937062937064	0.017482517482517484	0.032342657342657344
P56734	0.05333333333333334	0.02	0.02666666666666667	0.03333333333333333	0.04666666666666667	0.06666666666666667	0.02	0.04	0.04	0.13333333333333333	0.02	0.06666666666666667	0.03333333333333333	0.02	0.05333333333333334	0.09333333333333334	0.12	0.06666666666666667	0.02666666666666667	0.02
P14735	0.06084396467124632	0.013738959764474975	0.04612365063788027	0.08930323846908735	0.0549558390578999	0.04612365063788027	0.0323846908734053	0.05691854759568204	0.07556427870461237	0.11383709519136408	0.02453385672227674	0.047105004906771344	0.05789990186457311	0.042198233562315994	0.045142296368989206	0.050049067713444556	0.042198233562315994	0.047105004906771344	0.009813542688910697	0.04416094210009813
Q8IDR3	0.0550122249388753	0.017114914425427872	0.04156479217603912	0.07701711491442542	0.04523227383863081	0.05745721271393643	0.017114914425427872	0.0843520782396088	0.09046454767726161	0.09046454767726161	0.02444987775061125	0.06723716381418093	0.03178484107579462	0.039119804400977995	0.035452322738386305	0.07090464547677261	0.0488997555012225	0.06968215158924206	0.008557457212713936	0.028117359413202935
P01837	0.04672897196261682	0.028037383177570093	0.06542056074766354	0.056074766355140186	0.037383177570093455	0.037383177570093455	0.018691588785046728	0.037383177570093455	0.06542056074766354	0.04672897196261682	0.009345794392523364	0.07476635514018691	0.04672897196261682	0.028037383177570093	0.037383177570093455	0.14953271028037382	0.102803738317757	0.056074766355140186	0.018691588785046728	0.037383177570093455
Q9X1X7	0.06375838926174497	0.020134228187919462	0.05704697986577181	0.09060402684563758	0.03691275167785235	0.040268456375838924	0.020134228187919462	0.08053691275167785	0.11409395973154363	0.08053691275167785	0.03355704697986577	0.03691275167785235	0.06711409395973154	0.020134228187919462	0.03691275167785235	0.040268456375838924	0.040268456375838924	0.09731543624161074	0.0	0.02348993288590604
P07435	0.031446540880503145	0.0	0.08176100628930817	0.11949685534591195	0.05660377358490566	0.05660377358490566	0.03773584905660377	0.031446540880503145	0.09433962264150944	0.06918238993710692	0.0	0.06918238993710692	0.031446540880503145	0.03773584905660377	0.031446540880503145	0.03773584905660377	0.06918238993710692	0.09433962264150944	0.018867924528301886	0.031446540880503145
Q7KZF4	0.0912087912087912	0.013186813186813187	0.04945054945054945	0.08901098901098901	0.03736263736263736	0.06373626373626373	0.02197802197802198	0.051648351648351645	0.06373626373626373	0.08461538461538462	0.014285714285714285	0.03736263736263736	0.04945054945054945	0.03956043956043956	0.07142857142857142	0.05824175824175824	0.04835164835164835	0.07582417582417582	0.008791208791208791	0.03076923076923077
P17888	0.1051912568306011	0.015027322404371584	0.04371584699453552	0.050546448087431695	0.028688524590163935	0.06420765027322405	0.04234972677595628	0.04234972677595628	0.03551912568306011	0.12704918032786885	0.01092896174863388	0.0273224043715847	0.060109289617486336	0.06557377049180328	0.07377049180327869	0.04644808743169399	0.04644808743169399	0.07377049180327869	0.020491803278688523	0.020491803278688523
P09601	0.09722222222222222	0.0	0.03125	0.09027777777777778	0.04513888888888889	0.041666666666666664	0.020833333333333332	0.024305555555555556	0.05555555555555555	0.11458333333333333	0.027777777777777776	0.027777777777777776	0.06944444444444445	0.0625	0.06944444444444445	0.05555555555555555	0.05555555555555555	0.06597222222222222	0.010416666666666666	0.034722222222222224
Q9UR08	0.075	0.01875	0.05	0.096875	0.040625	0.053125	0.021875	0.0375	0.04375	0.121875	0.03125	0.025	0.046875	0.028125	0.06875	0.075	0.040625	0.06875	0.0125	0.04375
Q9HXM1	0.14736842105263157	0.015789473684210527	0.06315789473684211	0.05263157894736842	0.04473684210526316	0.09210526315789473	0.039473684210526314	0.031578947368421054	0.010526315789473684	0.10789473684210527	0.018421052631578946	0.018421052631578946	0.06578947368421052	0.04473684210526316	0.08157894736842106	0.05263157894736842	0.018421052631578946	0.06315789473684211	0.007894736842105263	0.02368421052631579
P14555	0.06944444444444445	0.09722222222222222	0.034722222222222224	0.020833333333333332	0.041666666666666664	0.09027777777777778	0.034722222222222224	0.027777777777777776	0.09722222222222222	0.08333333333333333	0.020833333333333332	0.041666666666666664	0.013888888888888888	0.027777777777777776	0.06944444444444445	0.06944444444444445	0.0763888888888889	0.027777777777777776	0.0	0.05555555555555555
P0A434	0.12602739726027398	0.00821917808219178	0.052054794520547946	0.043835616438356165	0.0410958904109589	0.09041095890410959	0.019178082191780823	0.07123287671232877	0.024657534246575342	0.10136986301369863	0.01643835616438356	0.01643835616438356	0.038356164383561646	0.030136986301369864	0.07671232876712329	0.07671232876712329	0.07397260273972603	0.0684931506849315	0.010958904109589041	0.0136986301369863
O15530	0.05935251798561151	0.01618705035971223	0.050359712230215826	0.0737410071942446	0.048561151079136694	0.06115107913669065	0.02697841726618705	0.044964028776978415	0.0683453237410072	0.10071942446043165	0.017985611510791366	0.03237410071942446	0.0683453237410072	0.050359712230215826	0.0539568345323741	0.07913669064748201	0.046762589928057555	0.048561151079136694	0.01079136690647482	0.04136690647482014
Q2T8B0	0.09142857142857143	0.008571428571428572	0.08857142857142856	0.025714285714285714	0.02857142857142857	0.07714285714285714	0.02	0.04285714285714286	0.06857142857142857	0.08857142857142856	0.02	0.03428571428571429	0.07714285714285714	0.037142857142857144	0.037142857142857144	0.05714285714285714	0.07142857142857142	0.054285714285714284	0.03428571428571429	0.037142857142857144
P03147	0.060109289617486336	0.02185792349726776	0.04918032786885246	0.04918032786885246	0.04371584699453552	0.03825136612021858	0.02185792349726776	0.0273224043715847	0.01092896174863388	0.11475409836065574	0.01092896174863388	0.02185792349726776	0.08743169398907104	0.0273224043715847	0.13114754098360656	0.09289617486338798	0.07650273224043716	0.06557377049180328	0.02185792349726776	0.0273224043715847
P07858	0.05309734513274336	0.05014749262536873	0.0471976401179941	0.058997050147492625	0.032448377581120944	0.10324483775811209	0.032448377581120944	0.04424778761061947	0.04424778761061947	0.061946902654867256	0.02064896755162242	0.05014749262536873	0.058997050147492625	0.029498525073746312	0.04129793510324484	0.07964601769911504	0.04424778761061947	0.061946902654867256	0.035398230088495575	0.05014749262536873
Q9U6B8	0.09401709401709402	0.014245014245014245	0.017094017094017096	0.039886039886039885	0.037037037037037035	0.042735042735042736	0.06837606837606838	0.05698005698005698	0.02564102564102564	0.09686609686609686	0.03418803418803419	0.04843304843304843	0.06267806267806268	0.04843304843304843	0.03133903133903134	0.11965811965811966	0.06267806267806268	0.06552706552706553	0.017094017094017096	0.017094017094017096
P33160	0.09975062344139651	0.017456359102244388	0.06733167082294264	0.057356608478802994	0.022443890274314215	0.0798004987531172	0.0399002493765586	0.0399002493765586	0.04738154613466334	0.09476309226932668	0.0199501246882793	0.029925187032418952	0.059850374064837904	0.017456359102244388	0.057356608478802994	0.04738154613466334	0.06483790523690773	0.0798004987531172	0.014962593516209476	0.04239401496259352
Q9UPY3	0.05723204994797086	0.02497398543184183	0.06451612903225806	0.0785639958376691	0.03850156087408949	0.04266389177939646	0.021852237252861603	0.05098855359001041	0.06607700312174818	0.10249739854318418	0.021852237252861603	0.04734651404786681	0.058792924037460975	0.033818938605619145	0.05098855359001041	0.08064516129032258	0.05098855359001041	0.05619146722164412	0.008324661810613945	0.04318418314255983
Q9WYC4	0.04180602006688963	0.0	0.05016722408026756	0.06354515050167224	0.05351170568561873	0.06688963210702341	0.015050167224080268	0.09866220735785954	0.06354515050167224	0.12040133779264214	0.02508361204013378	0.04180602006688963	0.03678929765886288	0.03511705685618729	0.05852842809364549	0.05351170568561873	0.06688963210702341	0.07859531772575251	0.006688963210702341	0.023411371237458192
Q992I2	0.0736196319018405	0.006134969325153374	0.07668711656441718	0.018404907975460124	0.027607361963190184	0.05214723926380368	0.027607361963190184	0.05214723926380368	0.006134969325153374	0.10429447852760736	0.024539877300613498	0.05214723926380368	0.027607361963190184	0.03067484662576687	0.05214723926380368	0.15030674846625766	0.1196319018404908	0.0736196319018405	0.003067484662576687	0.02147239263803681
Q12913	0.06207928197456993	0.015706806282722512	0.048616305160807775	0.05833956619296934	0.030665669409124907	0.07479431563201197	0.01944652206432311	0.061331338818249814	0.04712041884816754	0.0643231114435303	0.010471204188481676	0.05385190725504862	0.061331338818249814	0.035153328347045626	0.03590127150336574	0.09349289454001496	0.09349289454001496	0.07928197456993269	0.014210919970082274	0.04038893044128646
Q13627	0.05897771952817824	0.011795543905635648	0.04849279161205767	0.04325032765399738	0.03145478374836173	0.06946264744429882	0.061598951507208385	0.03800786369593709	0.05242463958060288	0.07077326343381389	0.0327653997378768	0.047182175622542594	0.05242463958060288	0.06815203145478375	0.05242463958060288	0.0982961992136304	0.06684141546526867	0.05111402359108781	0.00655307994757536	0.03800786369593709
P14489	0.08646616541353383	0.011278195488721804	0.022556390977443608	0.08646616541353383	0.04887218045112782	0.07142857142857142	0.007518796992481203	0.06766917293233082	0.08270676691729323	0.07518796992481203	0.018796992481203006	0.05263157894736842	0.03007518796992481	0.03759398496240601	0.03007518796992481	0.09022556390977443	0.04887218045112782	0.07894736842105263	0.02631578947368421	0.02631578947368421
Q9NZN8	0.044444444444444446	0.005555555555555556	0.05185185185185185	0.03888888888888889	0.04259259259259259	0.08148148148148149	0.024074074074074074	0.03148148148148148	0.03888888888888889	0.08148148148148149	0.04259259259259259	0.07592592592592592	0.07962962962962963	0.05	0.05185185185185185	0.1111111111111111	0.06851851851851852	0.037037037037037035	0.007407407407407408	0.03518518518518519
O30297	0.07228915662650602	0.01606425702811245	0.04417670682730924	0.10040160642570281	0.07228915662650602	0.07228915662650602	0.008032128514056224	0.08032128514056225	0.07228915662650602	0.06827309236947791	0.01606425702811245	0.028112449799196786	0.05220883534136546	0.01606425702811245	0.06827309236947791	0.04819277108433735	0.028112449799196786	0.11646586345381527	0.004016064257028112	0.01606425702811245
P25440	0.08239700374531835	0.006242197253433208	0.0449438202247191	0.08739076154806492	0.016229712858926344	0.052434456928838954	0.024968789013732832	0.02871410736579276	0.10237203495630462	0.08739076154806492	0.02122347066167291	0.026217228464419477	0.10237203495630462	0.04119850187265917	0.049937578027465665	0.1111111111111111	0.04244694132334582	0.04369538077403246	0.004993757802746567	0.02372034956304619
P0CG48	0.026277372262773723	0.0	0.06569343065693431	0.07883211678832117	0.026277372262773723	0.07883211678832117	0.013138686131386862	0.09197080291970802	0.09197080291970802	0.11824817518248175	0.013138686131386862	0.026277372262773723	0.03941605839416058	0.07883211678832117	0.052554744525547446	0.03941605839416058	0.09197080291970802	0.05401459854014599	0.0	0.013138686131386862
P10868	0.11016949152542373	0.0211864406779661	0.038135593220338986	0.07203389830508475	0.0423728813559322	0.0635593220338983	0.038135593220338986	0.046610169491525424	0.0423728813559322	0.08898305084745763	0.03389830508474576	0.0211864406779661	0.07627118644067797	0.0423728813559322	0.038135593220338986	0.046610169491525424	0.06779661016949153	0.046610169491525424	0.029661016949152543	0.03389830508474576
Q9WVL0	0.06944444444444445	0.013888888888888888	0.041666666666666664	0.06018518518518518	0.027777777777777776	0.046296296296296294	0.009259259259259259	0.08796296296296297	0.05555555555555555	0.10185185185185185	0.027777777777777776	0.032407407407407406	0.06944444444444445	0.08796296296296297	0.05092592592592592	0.06481481481481481	0.041666666666666664	0.07407407407407407	0.009259259259259259	0.027777777777777776
Q6V7J5	0.04201680672268908	0.01680672268907563	0.058823529411764705	0.06722689075630252	0.04201680672268908	0.05042016806722689	0.03361344537815126	0.025210084033613446	0.06722689075630252	0.1092436974789916	0.025210084033613446	0.05042016806722689	0.058823529411764705	0.01680672268907563	0.05042016806722689	0.10084033613445378	0.04201680672268908	0.07563025210084033	0.01680672268907563	0.05042016806722689
P14174	0.09565217391304348	0.02608695652173913	0.034782608695652174	0.02608695652173913	0.034782608695652174	0.0782608695652174	0.017391304347826087	0.05217391304347826	0.02608695652173913	0.09565217391304348	0.034782608695652174	0.06956521739130435	0.06956521739130435	0.05217391304347826	0.043478260869565216	0.08695652173913043	0.034782608695652174	0.06956521739130435	0.008695652173913044	0.043478260869565216
Q9KEI9	0.07653061224489796	0.00510204081632653	0.03571428571428571	0.11224489795918367	0.02040816326530612	0.07653061224489796	0.01020408163265306	0.061224489795918366	0.11734693877551021	0.05612244897959184	0.01020408163265306	0.03571428571428571	0.04081632653061224	0.02040816326530612	0.04081632653061224	0.061224489795918366	0.0663265306122449	0.061224489795918366	0.04081632653061224	0.05102040816326531
P13835	0.102803738317757	0.012461059190031152	0.06853582554517133	0.06542056074766354	0.03115264797507788	0.04672897196261682	0.028037383177570093	0.04672897196261682	0.03426791277258567	0.09034267912772585	0.01557632398753894	0.040498442367601244	0.04361370716510903	0.040498442367601244	0.0778816199376947	0.102803738317757	0.0529595015576324	0.04672897196261682	0.01557632398753894	0.037383177570093455
Q75I93	0.1130952380952381	0.00992063492063492	0.051587301587301584	0.02976190476190476	0.047619047619047616	0.07738095238095238	0.021825396825396824	0.037698412698412696	0.05357142857142857	0.08134920634920635	0.01984126984126984	0.06349206349206349	0.04563492063492063	0.0496031746031746	0.0496031746031746	0.04563492063492063	0.0496031746031746	0.057539682539682536	0.025793650793650792	0.06944444444444445
P25054	0.06225817798100598	0.013366162504396765	0.05205768554344003	0.0735138937741822	0.016531832571227575	0.05170594442490327	0.023566654941962716	0.04045022863172705	0.06999648258881463	0.07210692930003518	0.020049243756595145	0.055575096728807595	0.06296166021807949	0.05416813225466057	0.057333802321491385	0.15335912768202603	0.05874076679563841	0.03974674639465353	0.004924375659514597	0.017587055926837847
P03040	0.12121212121212122	0.0	0.045454545454545456	0.045454545454545456	0.045454545454545456	0.06060606060606061	0.015151515151515152	0.07575757575757576	0.12121212121212122	0.045454545454545456	0.030303030303030304	0.045454545454545456	0.030303030303030304	0.045454545454545456	0.045454545454545456	0.045454545454545456	0.09090909090909091	0.045454545454545456	0.0	0.045454545454545456
Q911P0	0.041666666666666664	0.035416666666666666	0.035416666666666666	0.041666666666666664	0.05416666666666667	0.058333333333333334	0.04375	0.08541666666666667	0.05416666666666667	0.11041666666666666	0.027083333333333334	0.07083333333333333	0.03333333333333333	0.03333333333333333	0.035416666666666666	0.0875	0.052083333333333336	0.05416666666666667	0.022916666666666665	0.022916666666666665
Q9HWF9	0.08441558441558442	0.006493506493506494	0.07142857142857142	0.11038961038961038	0.01948051948051948	0.05194805194805195	0.05194805194805195	0.05194805194805195	0.032467532467532464	0.14935064935064934	0.03896103896103896	0.01948051948051948	0.032467532467532464	0.05844155844155844	0.07142857142857142	0.025974025974025976	0.045454545454545456	0.025974025974025976	0.012987012987012988	0.03896103896103896
