#	A	C	D	E	F	G	H	I	K	L	M	N	P	Q	R	S	T	V	W	Y
Q9SSM7	0.0430622009569378	0.009569377990430622	0.04784688995215311	0.06220095693779904	0.03827751196172249	0.03827751196172249	0.03349282296650718	0.07177033492822966	0.05741626794258373	0.06698564593301436	0.009569377990430622	0.05741626794258373	0.04784688995215311	0.009569377990430622	0.06220095693779904	0.11483253588516747	0.09569377990430622	0.10526315789473684	0.004784688995215311	0.023923444976076555
O14757	0.04201680672268908	0.02100840336134454	0.06302521008403361	0.06512605042016807	0.037815126050420166	0.05672268907563025	0.02100840336134454	0.05672268907563025	0.0861344537815126	0.10294117647058823	0.023109243697478993	0.04831932773109244	0.05672268907563025	0.037815126050420166	0.052521008403361345	0.07352941176470588	0.04201680672268908	0.06302521008403361	0.02100840336134454	0.029411764705882353
Q9UBC3	0.05861664712778429	0.029308323563892145	0.06330597889800703	0.06447831184056271	0.038686987104337635	0.08089097303634232	0.016412661195779603	0.03048065650644783	0.06213364595545135	0.07737397420867527	0.01992966002344666	0.044548651817116064	0.053927315357561546	0.03048065650644783	0.08206330597889801	0.08792497069167643	0.05041031652989449	0.06096131301289566	0.017584994138335287	0.03048065650644783
P0A0C1	0.025052192066805846	0.014613778705636743	0.07724425887265135	0.1127348643006263	0.04384133611691023	0.054279749478079335	0.018789144050104383	0.10855949895615867	0.08350730688935282	0.07933194154488518	0.020876826722338204	0.06889352818371608	0.022964509394572025	0.016701461377870562	0.037578288100208766	0.037578288100208766	0.05219206680584551	0.033402922755741124	0.006263048016701462	0.08559498956158663
O57385	0.043478260869565216	0.10144927536231885	0.050724637681159424	0.057971014492753624	0.028985507246376812	0.07971014492753623	0.014492753623188406	0.028985507246376812	0.12318840579710146	0.07971014492753623	0.028985507246376812	0.050724637681159424	0.028985507246376812	0.028985507246376812	0.043478260869565216	0.043478260869565216	0.036231884057971016	0.057971014492753624	0.021739130434782608	0.050724637681159424
P11838	0.0883054892601432	0.00477326968973747	0.05250596658711217	0.01909307875894988	0.05250596658711217	0.10978520286396182	0.00477326968973747	0.0477326968973747	0.045346062052505964	0.06443914081145585	0.00477326968973747	0.028639618138424822	0.05250596658711217	0.028639618138424822	0.007159904534606206	0.13842482100238662	0.12171837708830549	0.07398568019093078	0.014319809069212411	0.0405727923627685
P00183	0.0746987951807229	0.01927710843373494	0.05301204819277108	0.07951807228915662	0.043373493975903614	0.060240963855421686	0.03132530120481928	0.06265060240963856	0.02891566265060241	0.10120481927710843	0.02650602409638554	0.03132530120481928	0.07228915662650602	0.05542168674698795	0.06265060240963856	0.05783132530120482	0.04819277108433735	0.05783132530120482	0.012048192771084338	0.021686746987951807
P0A6C8	0.11627906976744186	0.003875968992248062	0.05813953488372093	0.050387596899224806	0.011627906976744186	0.10465116279069768	0.01937984496124031	0.06976744186046512	0.050387596899224806	0.1434108527131783	0.031007751937984496	0.04263565891472868	0.03875968992248062	0.04263565891472868	0.03488372093023256	0.04263565891472868	0.046511627906976744	0.07751937984496124	0.007751937984496124	0.007751937984496124
Q8MRC9	0.06769230769230769	0.023076923076923078	0.07230769230769231	0.06	0.03230769230769231	0.09384615384615384	0.03230769230769231	0.04923076923076923	0.07076923076923076	0.08	0.015384615384615385	0.038461538461538464	0.047692307692307694	0.02923076923076923	0.06615384615384616	0.06	0.043076923076923075	0.055384615384615386	0.026153846153846153	0.036923076923076927
P03300	0.07288365776369397	0.019013128112267994	0.05296514259846084	0.05024898143956542	0.03802625622453599	0.06428248076052512	0.023087369850611137	0.06020823902218198	0.05613399728383884	0.08103214124038026	0.030330466274332276	0.05296514259846084	0.05387052965142598	0.03666817564508828	0.04345857854232685	0.06835672249886826	0.07695789950203712	0.06247170665459484	0.012675418741511997	0.04436396559529199
P00742	0.05942622950819672	0.04918032786885246	0.055327868852459015	0.09016393442622951	0.0430327868852459	0.08196721311475409	0.018442622950819672	0.036885245901639344	0.06762295081967214	0.07991803278688525	0.01639344262295082	0.0430327868852459	0.0389344262295082	0.0389344262295082	0.05942622950819672	0.05942622950819672	0.07377049180327869	0.0471311475409836	0.012295081967213115	0.028688524590163935
P00935	0.11139896373056994	0.012953367875647668	0.054404145077720206	0.054404145077720206	0.031088082901554404	0.09067357512953368	0.02849740932642487	0.03626943005181347	0.03367875647668394	0.12953367875647667	0.015544041450777202	0.038860103626943004	0.04404145077720207	0.03626943005181347	0.05958549222797927	0.05699481865284974	0.054404145077720206	0.08031088082901554	0.0051813471502590676	0.025906735751295335
P03195	0.046762589928057555	0.014388489208633094	0.039568345323741004	0.03597122302158273	0.039568345323741004	0.08992805755395683	0.04316546762589928	0.03597122302158273	0.03237410071942446	0.1223021582733813	0.02158273381294964	0.025179856115107913	0.07913669064748201	0.046762589928057555	0.07553956834532374	0.07913669064748201	0.0683453237410072	0.06115107913669065	0.01079136690647482	0.03237410071942446
Q00496	0.03117505995203837	0.007194244604316547	0.05915267785771383	0.05195843325339728	0.051159072741806554	0.045563549160671464	0.011191047162270184	0.10311750599520383	0.07753796962430055	0.08073541167066348	0.012789768185451638	0.13269384492406075	0.027977617905675458	0.03437250199840128	0.027977617905675458	0.07673860911270983	0.055955235811350916	0.0495603517186251	0.009592326139088728	0.053557154276578735
P43405	0.07086614173228346	0.014173228346456693	0.04251968503937008	0.07559055118110236	0.029921259842519685	0.07874015748031496	0.029921259842519685	0.04094488188976378	0.07716535433070866	0.09448818897637795	0.029921259842519685	0.047244094488188976	0.05196850393700787	0.04409448818897638	0.048818897637795275	0.05984251968503937	0.03622047244094488	0.05669291338582677	0.01732283464566929	0.05354330708661417
Q9Y4B6	0.0696748506967485	0.0205706702057067	0.07365627073656271	0.0776376907763769	0.039150630391506305	0.05242203052422031	0.026542800265428004	0.051758460517584606	0.0451227604512276	0.1121433311214333	0.026542800265428004	0.0418049104180491	0.051094890510948905	0.043795620437956206	0.05308560053085601	0.07631055076310551	0.05242203052422031	0.054412740544127404	0.007962840079628402	0.023888520238885203
Q9BV79	0.09919571045576407	0.0160857908847185	0.04289544235924933	0.045576407506702415	0.024128686327077747	0.08042895442359249	0.013404825737265416	0.045576407506702415	0.045576407506702415	0.10991957104557641	0.029490616621983913	0.03485254691689008	0.064343163538874	0.05630026809651475	0.058981233243967826	0.07506702412868632	0.040214477211796246	0.08310991957104558	0.01876675603217158	0.0160857908847185
P29476	0.06088173547935619	0.016794961511546535	0.05738278516445067	0.06648005598320504	0.041287613715885234	0.07067879636109167	0.028691392582225334	0.04758572428271519	0.06298110566829951	0.0867739678096571	0.020293911826452064	0.042687193841847444	0.05668299510146956	0.04758572428271519	0.05598320503848846	0.06997900629811056	0.05458362491252624	0.06927921623512946	0.01469559132260322	0.028691392582225334
O94804	0.06611570247933884	0.012396694214876033	0.05268595041322314	0.11983471074380166	0.024793388429752067	0.03409090909090909	0.023760330578512397	0.03615702479338843	0.09400826446280992	0.10227272727272728	0.03202479338842975	0.03615702479338843	0.045454545454545456	0.07541322314049587	0.07231404958677685	0.06818181818181818	0.038223140495867766	0.042355371900826444	0.007231404958677686	0.01652892561983471
Q47746	0.08582089552238806	0.007462686567164179	0.041044776119402986	0.10074626865671642	0.026119402985074626	0.06716417910447761	0.033582089552238806	0.05970149253731343	0.048507462686567165	0.0708955223880597	0.011194029850746268	0.048507462686567165	0.04477611940298507	0.048507462686567165	0.048507462686567165	0.055970149253731345	0.06716417910447761	0.05970149253731343	0.022388059701492536	0.05223880597014925
P24300	0.1211340206185567	0.002577319587628866	0.09536082474226804	0.07216494845360824	0.059278350515463915	0.09536082474226804	0.02577319587628866	0.028350515463917526	0.028350515463917526	0.10051546391752578	0.020618556701030927	0.02577319587628866	0.04896907216494845	0.028350515463917526	0.09020618556701031	0.028350515463917526	0.041237113402061855	0.04896907216494845	0.015463917525773196	0.023195876288659795
P22557	0.08006814310051108	0.02555366269165247	0.044293015332197615	0.049403747870528106	0.044293015332197615	0.07836456558773425	0.04088586030664395	0.04770017035775128	0.056218057921635436	0.09710391822827939	0.028960817717206135	0.030664395229982964	0.054514480408858604	0.049403747870528106	0.04599659284497445	0.07836456558773425	0.04258943781942078	0.07155025553662692	0.008517887563884156	0.02555366269165247
P00523	0.06566604127579738	0.016885553470919325	0.043151969981238276	0.075046904315197	0.039399624765478425	0.075046904315197	0.01876172607879925	0.0300187617260788	0.058161350844277676	0.09193245778611632	0.0225140712945591	0.03189493433395872	0.06191369606003752	0.043151969981238276	0.06191369606003752	0.06941838649155722	0.07879924953095685	0.05628517823639775	0.016885553470919325	0.043151969981238276
O75164	0.06860902255639098	0.03289473684210526	0.04887218045112782	0.09962406015037593	0.046992481203007516	0.05545112781954887	0.022556390977443608	0.03853383458646616	0.06578947368421052	0.06672932330827068	0.021616541353383457	0.03195488721804511	0.05639097744360902	0.042293233082706765	0.05921052631578947	0.07988721804511278	0.05075187969924812	0.06484962406015038	0.013157894736842105	0.03383458646616541
P00918	0.05	0.0038461538461538464	0.07307692307692308	0.05	0.046153846153846156	0.08461538461538462	0.046153846153846156	0.03461538461538462	0.09230769230769231	0.1	0.007692307692307693	0.038461538461538464	0.06538461538461539	0.04230769230769231	0.026923076923076925	0.06923076923076923	0.046153846153846156	0.06538461538461539	0.026923076923076925	0.03076923076923077
O34925	0.08583690987124463	0.012875536480686695	0.06437768240343347	0.06437768240343347	0.034334763948497854	0.0815450643776824	0.02145922746781116	0.055793991416309016	0.060085836909871244	0.07296137339055794	0.030042918454935622	0.030042918454935622	0.02145922746781116	0.03862660944206009	0.034334763948497854	0.06866952789699571	0.07725321888412018	0.10300429184549356	0.0	0.04291845493562232
P0A7Y4	0.09032258064516129	0.01935483870967742	0.04516129032258064	0.07741935483870968	0.012903225806451613	0.09032258064516129	0.03225806451612903	0.04516129032258064	0.07096774193548387	0.07741935483870968	0.025806451612903226	0.04516129032258064	0.03225806451612903	0.05161290322580645	0.06451612903225806	0.025806451612903226	0.06451612903225806	0.05806451612903226	0.03870967741935484	0.03225806451612903
Q5TA50	0.07476635514018691	0.018691588785046728	0.04205607476635514	0.07476635514018691	0.04205607476635514	0.04205607476635514	0.037383177570093455	0.02336448598130841	0.03271028037383177	0.14485981308411214	0.02336448598130841	0.028037383177570093	0.04672897196261682	0.037383177570093455	0.0794392523364486	0.08411214953271028	0.037383177570093455	0.08878504672897196	0.014018691588785047	0.028037383177570093
P52209	0.08902691511387163	0.018633540372670808	0.06625258799171843	0.049689440993788817	0.049689440993788817	0.10351966873706005	0.020703933747412008	0.06625258799171843	0.07246376811594203	0.09109730848861283	0.028985507246376812	0.033126293995859216	0.028985507246376812	0.043478260869565216	0.041407867494824016	0.053830227743271224	0.045548654244306416	0.053830227743271224	0.016563146997929608	0.026915113871635612
Q9UIF9	0.06666666666666667	0.01784776902887139	0.04304461942257218	0.08713910761154856	0.031496062992125984	0.06194225721784777	0.01994750656167979	0.027821522309711286	0.05721784776902887	0.09448818897637795	0.023097112860892388	0.029921259842519685	0.08766404199475065	0.05616797900262467	0.06404199475065617	0.10026246719160105	0.051443569553805774	0.05301837270341207	0.012073490813648294	0.014698162729658792
O66036	0.10327455919395466	0.005037783375314861	0.07052896725440806	0.05793450881612091	0.05037783375314862	0.07052896725440806	0.027707808564231738	0.04785894206549118	0.017632241813602016	0.07304785894206549	0.04785894206549118	0.02518891687657431	0.07304785894206549	0.04785894206549118	0.060453400503778336	0.055415617128463476	0.05289672544080604	0.07808564231738035	0.0025188916876574307	0.0327455919395466
P53396	0.08174386920980926	0.014532243415077202	0.053587647593097185	0.05722070844686648	0.03996366939146231	0.09264305177111716	0.022706630336058128	0.06993642143505904	0.0653950953678474	0.08174386920980926	0.030881017257039057	0.03178928247048138	0.05267938237965486	0.02997275204359673	0.043596730245231606	0.055404178019981834	0.05722070844686648	0.07266121707538602	0.009990917347865577	0.03633060853769301
P02185	0.11038961038961038	0.0	0.045454545454545456	0.09090909090909091	0.03896103896103896	0.07142857142857142	0.07792207792207792	0.05844155844155844	0.12337662337662338	0.11688311688311688	0.01948051948051948	0.006493506493506494	0.025974025974025976	0.032467532467532464	0.025974025974025976	0.03896103896103896	0.032467532467532464	0.05194805194805195	0.012987012987012988	0.01948051948051948
P22629	0.16939890710382513	0.0	0.04371584699453552	0.0273224043715847	0.01092896174863388	0.09836065573770492	0.01092896174863388	0.03825136612021858	0.04918032786885246	0.04918032786885246	0.00546448087431694	0.0546448087431694	0.02185792349726776	0.03278688524590164	0.0273224043715847	0.09836065573770492	0.12021857923497267	0.07650273224043716	0.03278688524590164	0.03278688524590164
O25119	0.08746355685131195	0.0	0.052478134110787174	0.09912536443148688	0.03498542274052478	0.04664723032069971	0.008746355685131196	0.09329446064139942	0.09329446064139942	0.10787172011661808	0.029154518950437316	0.037900874635568516	0.01749271137026239	0.061224489795918366	0.03206997084548105	0.05830903790087463	0.0641399416909621	0.05830903790087463	0.0	0.01749271137026239
P24941	0.06375838926174497	0.010067114093959731	0.053691275167785234	0.05704697986577181	0.053691275167785234	0.053691275167785234	0.03355704697986577	0.053691275167785234	0.07046979865771812	0.13087248322147652	0.016778523489932886	0.026845637583892617	0.06375838926174497	0.030201342281879196	0.053691275167785234	0.04697986577181208	0.05704697986577181	0.07718120805369127	0.013422818791946308	0.03355704697986577
P18031	0.052873563218390804	0.022988505747126436	0.052873563218390804	0.09425287356321839	0.04367816091954023	0.05057471264367816	0.029885057471264367	0.04597701149425287	0.07126436781609195	0.08505747126436781	0.029885057471264367	0.0367816091954023	0.06896551724137931	0.041379310344827586	0.05517241379310345	0.07586206896551724	0.041379310344827586	0.052873563218390804	0.01839080459770115	0.029885057471264367
Q8NMF0	0.13128491620111732	0.00558659217877095	0.06424581005586592	0.06424581005586592	0.025139664804469275	0.07262569832402235	0.019553072625698324	0.061452513966480445	0.036312849162011177	0.09497206703910614	0.0223463687150838	0.036312849162011177	0.05307262569832402	0.04189944134078212	0.06424581005586592	0.04748603351955307	0.05865921787709497	0.07541899441340782	0.002793296089385475	0.0223463687150838
P02701	0.05263157894736842	0.013157894736842105	0.03289473684210526	0.039473684210526314	0.046052631578947366	0.07894736842105263	0.013157894736842105	0.05263157894736842	0.05921052631578947	0.1118421052631579	0.019736842105263157	0.06578947368421052	0.02631578947368421	0.02631578947368421	0.05263157894736842	0.07894736842105263	0.13815789473684212	0.05921052631578947	0.02631578947368421	0.006578947368421052
P08149	0.09466437177280551	0.0017211703958691911	0.04991394148020654	0.06196213425129088	0.03614457831325301	0.08605851979345955	0.01549053356282272	0.04647160068846816	0.06540447504302926	0.0963855421686747	0.025817555938037865	0.039586919104991396	0.058519793459552494	0.03614457831325301	0.06368330464716007	0.05335628227194492	0.05679862306368331	0.0774526678141136	0.0051635111876075735	0.029259896729776247
P02945	0.11450381679389313	0.0	0.03816793893129771	0.04198473282442748	0.04961832061068702	0.09923664122137404	0.0	0.05725190839694656	0.026717557251908396	0.14885496183206107	0.03816793893129771	0.011450381679389313	0.04580152671755725	0.015267175572519083	0.026717557251908396	0.05343511450381679	0.07251908396946564	0.08778625954198473	0.030534351145038167	0.04198473282442748
P56817	0.06786427145708583	0.021956087824351298	0.05389221556886228	0.05588822355289421	0.043912175648702596	0.08582834331337326	0.01996007984031936	0.05588822355289421	0.031936127744510975	0.09780439121756487	0.027944111776447105	0.029940119760479042	0.05588822355289421	0.043912175648702596	0.05189620758483034	0.0658682634730539	0.05588822355289421	0.07385229540918163	0.01996007984031936	0.03992015968063872
P00378	0.0582010582010582	0.005291005291005291	0.0582010582010582	0.07407407407407407	0.042328042328042326	0.05291005291005291	0.021164021164021163	0.06349206349206349	0.09523809523809523	0.08994708994708994	0.026455026455026454	0.042328042328042326	0.0582010582010582	0.037037037037037035	0.042328042328042326	0.06349206349206349	0.037037037037037035	0.07407407407407407	0.015873015873015872	0.042328042328042326
Q01043	0.05511811023622047	0.03937007874015748	0.05905511811023622	0.05905511811023622	0.027559055118110236	0.023622047244094488	0.003937007874015748	0.07086614173228346	0.07086614173228346	0.16535433070866143	0.015748031496062992	0.051181102362204724	0.04330708661417323	0.027559055118110236	0.03543307086614173	0.06692913385826772	0.0984251968503937	0.047244094488188976	0.01968503937007874	0.01968503937007874
P0A894	0.06338028169014084	0.007042253521126761	0.07042253521126761	0.06690140845070422	0.04225352112676056	0.04225352112676056	0.028169014084507043	0.04225352112676056	0.03873239436619718	0.13028169014084506	0.035211267605633804	0.035211267605633804	0.056338028169014086	0.017605633802816902	0.09507042253521127	0.08450704225352113	0.045774647887323945	0.06338028169014084	0.007042253521126761	0.028169014084507043
Q9UBT6	0.052873563218390804	0.02528735632183908	0.05172413793103448	0.08275862068965517	0.04367816091954023	0.035632183908045977	0.021839080459770115	0.054022988505747126	0.09655172413793103	0.08160919540229886	0.027586206896551724	0.05747126436781609	0.041379310344827586	0.05517241379310345	0.047126436781609195	0.09655172413793103	0.04827586206896552	0.05862068965517241	0.0034482758620689655	0.01839080459770115
Q9GZT9	0.10093896713615023	0.035211267605633804	0.06572769953051644	0.0539906103286385	0.025821596244131457	0.11032863849765258	0.023474178403755867	0.03286384976525822	0.07746478873239436	0.06103286384976526	0.014084507042253521	0.035211267605633804	0.07981220657276995	0.03286384976525822	0.06572769953051644	0.06103286384976526	0.03051643192488263	0.051643192488262914	0.011737089201877934	0.03051643192488263
P00720	0.09146341463414634	0.012195121951219513	0.06097560975609756	0.04878048780487805	0.03048780487804878	0.06097560975609756	0.006097560975609756	0.06707317073170732	0.07926829268292683	0.0975609756097561	0.03048780487804878	0.07317073170731707	0.018292682926829267	0.03048780487804878	0.07926829268292683	0.036585365853658534	0.06707317073170732	0.054878048780487805	0.018292682926829267	0.036585365853658534
P0AGM7	0.1048951048951049	0.009324009324009324	0.023310023310023312	0.027972027972027972	0.05128205128205128	0.10256410256410256	0.013986013986013986	0.10955710955710955	0.03263403263403263	0.1445221445221445	0.02564102564102564	0.023310023310023312	0.05128205128205128	0.011655011655011656	0.023310023310023312	0.053613053613053616	0.06060606060606061	0.10023310023310024	0.009324009324009324	0.02097902097902098
P20425	0.03076923076923077	0.010256410256410256	0.07179487179487179	0.07179487179487179	0.06666666666666667	0.07692307692307693	0.010256410256410256	0.05641025641025641	0.09230769230769231	0.06153846153846154	0.035897435897435895	0.09743589743589744	0.03076923076923077	0.035897435897435895	0.041025641025641026	0.06153846153846154	0.035897435897435895	0.09230769230769231	0.010256410256410256	0.010256410256410256
Q195N6	0.13615023474178403	0.018779342723004695	0.06572769953051644	0.04460093896713615	0.028169014084507043	0.06338028169014084	0.018779342723004695	0.06103286384976526	0.04460093896713615	0.07276995305164319	0.014084507042253521	0.028169014084507043	0.07746478873239436	0.03755868544600939	0.07042253521126761	0.07981220657276995	0.03990610328638498	0.06572769953051644	0.014084507042253521	0.018779342723004695
P04117	0.05303030303030303	0.015151515151515152	0.08333333333333333	0.06060606060606061	0.045454545454545456	0.08333333333333333	0.0	0.06060606060606061	0.10606060606060606	0.045454545454545456	0.03787878787878788	0.030303030303030304	0.007575757575757576	0.015151515151515152	0.05303030303030303	0.06818181818181818	0.08333333333333333	0.12121212121212122	0.015151515151515152	0.015151515151515152
P0A0K8	0.06832298136645963	0.003105590062111801	0.062111801242236024	0.08850931677018634	0.029503105590062112	0.08385093167701864	0.024844720496894408	0.06832298136645963	0.06521739130434782	0.08229813664596274	0.020186335403726708	0.049689440993788817	0.026397515527950312	0.03881987577639751	0.06055900621118013	0.046583850931677016	0.059006211180124224	0.07142857142857142	0.006211180124223602	0.04503105590062112
P02213	0.1232876712328767	0.00684931506849315	0.08904109589041095	0.02054794520547945	0.0410958904109589	0.0684931506849315	0.0136986301369863	0.0547945205479452	0.10273972602739725	0.08904109589041095	0.02054794520547945	0.06164383561643835	0.02054794520547945	0.0410958904109589	0.0273972602739726	0.04794520547945205	0.0410958904109589	0.08904109589041095	0.0136986301369863	0.0273972602739726
O34925	0.08583690987124463	0.012875536480686695	0.06437768240343347	0.06437768240343347	0.034334763948497854	0.0815450643776824	0.02145922746781116	0.055793991416309016	0.060085836909871244	0.07296137339055794	0.030042918454935622	0.030042918454935622	0.02145922746781116	0.03862660944206009	0.034334763948497854	0.06866952789699571	0.07725321888412018	0.10300429184549356	0.0	0.04291845493562232
Q6YMS4	0.0696165191740413	0.01710914454277286	0.03982300884955752	0.06725663716814159	0.02920353982300885	0.08348082595870207	0.021238938053097345	0.05781710914454277	0.06489675516224189	0.0943952802359882	0.0359882005899705	0.03982300884955752	0.04454277286135693	0.03303834808259587	0.05103244837758112	0.052507374631268436	0.08200589970501475	0.06696165191740414	0.028023598820058997	0.021238938053097345
P03472	0.04893617021276596	0.04468085106382979	0.04893617021276596	0.05106382978723404	0.019148936170212766	0.07234042553191489	0.019148936170212766	0.07872340425531915	0.03829787234042553	0.05319148936170213	0.01276595744680851	0.08085106382978724	0.05319148936170213	0.027659574468085105	0.05319148936170213	0.08723404255319149	0.08297872340425531	0.05531914893617021	0.029787234042553193	0.0425531914893617
Q9NY33	0.08412483039348712	0.008141112618724558	0.050203527815468114	0.09090909090909091	0.052917232021709636	0.07869742198100407	0.013568521031207599	0.036635006784260515	0.04477611940298507	0.11397557666214382	0.010854816824966078	0.025780189959294438	0.04748982360922659	0.04748982360922659	0.05970149253731343	0.07055630936227951	0.050203527815468114	0.05834464043419267	0.013568521031207599	0.04206241519674356
P00374	0.026737967914438502	0.0053475935828877	0.0481283422459893	0.0855614973262032	0.0481283422459893	0.06951871657754011	0.016042780748663103	0.0481283422459893	0.09090909090909091	0.10160427807486631	0.0374331550802139	0.053475935828877004	0.06417112299465241	0.0374331550802139	0.0427807486631016	0.06417112299465241	0.0374331550802139	0.0748663101604278	0.016042780748663103	0.03208556149732621
P12003	0.12687224669603525	0.00881057268722467	0.06079295154185022	0.08898678414096917	0.014096916299559472	0.048458149779735685	0.013215859030837005	0.053744493392070485	0.06784140969162995	0.0881057268722467	0.03524229074889868	0.03700440528634361	0.051982378854625554	0.053744493392070485	0.06079295154185022	0.05110132158590308	0.059030837004405284	0.06343612334801763	0.00881057268722467	0.007929515418502203
Q96LB9	0.07624633431085044	0.03225806451612903	0.03812316715542522	0.03225806451612903	0.03519061583577713	0.09090909090909091	0.03812316715542522	0.07917888563049853	0.02932551319648094	0.093841642228739	0.020527859237536656	0.04105571847507331	0.05865102639296188	0.05865102639296188	0.03225806451612903	0.05865102639296188	0.05278592375366569	0.06451612903225806	0.02346041055718475	0.04398826979472141
P00763	0.08130081300813008	0.04878048780487805	0.06504065040650407	0.032520325203252036	0.024390243902439025	0.0975609756097561	0.016260162601626018	0.052845528455284556	0.04065040650406504	0.09349593495934959	0.012195121951219513	0.07317073170731707	0.052845528455284556	0.044715447154471545	0.02032520325203252	0.06910569105691057	0.032520325203252036	0.09349593495934959	0.016260162601626018	0.032520325203252036
P53634	0.06695464362850972	0.03023758099352052	0.04535637149028078	0.05183585313174946	0.04319654427645788	0.09287257019438445	0.03023758099352052	0.04535637149028078	0.05399568034557235	0.07991360691144708	0.023758099352051837	0.04967602591792657	0.04103671706263499	0.032397408207343416	0.0367170626349892	0.06695464362850972	0.06047516198704104	0.06479481641468683	0.02159827213822894	0.06263498920086392
P00514	0.08157894736842106	0.010526315789473684	0.05789473684210526	0.10263157894736842	0.042105263157894736	0.06315789473684211	0.005263157894736842	0.05526315789473684	0.060526315789473685	0.08157894736842106	0.021052631578947368	0.034210526315789476	0.04473684210526316	0.039473684210526314	0.07894736842105263	0.06842105263157895	0.034210526315789476	0.07894736842105263	0.007894736842105263	0.031578947368421054
O25896	0.033783783783783786	0.013513513513513514	0.08108108108108109	0.08783783783783784	0.02702702702702703	0.04054054054054054	0.0472972972972973	0.0945945945945946	0.0472972972972973	0.10135135135135136	0.02702702702702703	0.07432432432432433	0.013513513513513514	0.05405405405405406	0.060810810810810814	0.07432432432432433	0.04054054054054054	0.05405405405405406	0.006756756756756757	0.02027027027027027
P29166	0.078397212543554	0.03832752613240418	0.05749128919860627	0.07665505226480836	0.04529616724738676	0.06794425087108014	0.017421602787456445	0.07142857142857142	0.09059233449477352	0.06620209059233449	0.0313588850174216	0.07491289198606271	0.03484320557491289	0.024390243902439025	0.036585365853658534	0.047038327526132406	0.05226480836236934	0.059233449477351915	0.0017421602787456446	0.027874564459930314
P09141	0.07076923076923076	0.012307692307692308	0.06461538461538462	0.08	0.052307692307692305	0.043076923076923075	0.03076923076923077	0.07076923076923076	0.06769230769230769	0.08923076923076922	0.03076923076923077	0.07384615384615385	0.024615384615384615	0.043076923076923075	0.03076923076923077	0.055384615384615386	0.052307692307692305	0.052307692307692305	0.006153846153846154	0.04923076923076923
P9WNP5	0.1178343949044586	0.009554140127388535	0.07961783439490445	0.044585987261146494	0.054140127388535034	0.09554140127388536	0.028662420382165606	0.022292993630573247	0.025477707006369428	0.07961783439490445	0.022292993630573247	0.025477707006369428	0.041401273885350316	0.04777070063694268	0.08280254777070063	0.044585987261146494	0.04777070063694268	0.08280254777070063	0.01592356687898089	0.03184713375796178
P03366	0.06703524533517623	0.013821700069108501	0.04284727021423635	0.0746371803731859	0.024187975120939877	0.07394609536973047	0.018659295093296474	0.07049067035245335	0.08707671043538355	0.07601935038009675	0.02073255010366275	0.04077401520387008	0.05459571527297857	0.06565307532826538	0.04630269523151347	0.043538355217691775	0.06219765031098825	0.06496199032480995	0.025570145127850726	0.026952315134761574
P04390	0.036734693877551024	0.004081632653061225	0.05714285714285714	0.0653061224489796	0.04081632653061224	0.061224489795918366	0.02040816326530612	0.10612244897959183	0.09795918367346938	0.05714285714285714	0.004081632653061225	0.08163265306122448	0.036734693877551024	0.024489795918367346	0.044897959183673466	0.061224489795918366	0.061224489795918366	0.04081632653061224	0.0163265306122449	0.08163265306122448
P00742	0.05942622950819672	0.04918032786885246	0.055327868852459015	0.09016393442622951	0.0430327868852459	0.08196721311475409	0.018442622950819672	0.036885245901639344	0.06762295081967214	0.07991803278688525	0.01639344262295082	0.0430327868852459	0.0389344262295082	0.0389344262295082	0.05942622950819672	0.05942622950819672	0.07377049180327869	0.0471311475409836	0.012295081967213115	0.028688524590163935
P09455	0.022222222222222223	0.022222222222222223	0.08888888888888889	0.0962962962962963	0.044444444444444446	0.07407407407407407	0.014814814814814815	0.05185185185185185	0.08888888888888889	0.08148148148148149	0.044444444444444446	0.037037037037037035	0.014814814814814815	0.05185185185185185	0.05185185185185185	0.014814814814814815	0.05185185185185185	0.0962962962962963	0.02962962962962963	0.022222222222222223
Q5SW79	0.06691919191919192	0.004419191919191919	0.06502525252525253	0.08522727272727272	0.02335858585858586	0.049873737373737376	0.02904040404040404	0.041666666666666664	0.07702020202020202	0.06565656565656566	0.017045454545454544	0.032196969696969696	0.05366161616161616	0.045454545454545456	0.06755050505050506	0.13383838383838384	0.08017676767676768	0.04482323232323232	0.008207070707070708	0.008838383838383838
P02526	0.011428571428571429	0.04	0.07428571428571429	0.05142857142857143	0.05142857142857143	0.08	0.02857142857142857	0.03428571428571429	0.011428571428571429	0.07428571428571429	0.045714285714285714	0.03428571428571429	0.045714285714285714	0.05714285714285714	0.11428571428571428	0.07428571428571429	0.02857142857142857	0.03428571428571429	0.022857142857142857	0.08571428571428572
Q8IWT6	0.043209876543209874	0.019753086419753086	0.04938271604938271	0.0691358024691358	0.043209876543209874	0.03209876543209877	0.024691358024691357	0.07160493827160494	0.0691358024691358	0.14938271604938272	0.016049382716049384	0.04938271604938271	0.04691358024691358	0.030864197530864196	0.05432098765432099	0.05555555555555555	0.06172839506172839	0.056790123456790124	0.01728395061728395	0.03950617283950617
P33644	0.12345679012345678	0.03292181069958848	0.04938271604938271	0.05761316872427984	0.0411522633744856	0.09053497942386832	0.0205761316872428	0.037037037037037035	0.0411522633744856	0.07818930041152264	0.01646090534979424	0.0411522633744856	0.05761316872427984	0.02880658436213992	0.05761316872427984	0.053497942386831275	0.04938271604938271	0.07407407407407407	0.0205761316872428	0.02880658436213992
P40409	0.0946372239747634	0.0031545741324921135	0.06624605678233439	0.07886435331230283	0.025236593059936908	0.04100946372239748	0.012618296529968454	0.07255520504731862	0.138801261829653	0.0946372239747634	0.025236593059936908	0.04100946372239748	0.04416403785488959	0.031545741324921134	0.00946372239747634	0.07570977917981073	0.06309148264984227	0.0473186119873817	0.00946372239747634	0.025236593059936908
P12931	0.08208955223880597	0.016791044776119403	0.03917910447761194	0.07835820895522388	0.03917910447761194	0.08022388059701492	0.016791044776119403	0.029850746268656716	0.05783582089552239	0.0914179104477612	0.020522388059701493	0.033582089552238806	0.05970149253731343	0.04291044776119403	0.05970149253731343	0.06902985074626866	0.06716417910447761	0.055970149253731345	0.016791044776119403	0.04291044776119403
Q9GZU1	0.05862068965517241	0.034482758620689655	0.04655172413793104	0.039655172413793106	0.0603448275862069	0.06724137931034482	0.02413793103448276	0.05862068965517241	0.029310344827586206	0.12586206896551724	0.01896551724137931	0.032758620689655175	0.05344827586206897	0.03793103448275862	0.05517241379310345	0.07931034482758621	0.05517241379310345	0.06896551724137931	0.01206896551724138	0.041379310344827586
P52003	0.06802721088435375	0.02040816326530612	0.08163265306122448	0.06802721088435375	0.027210884353741496	0.027210884353741496	0.04081632653061224	0.047619047619047616	0.02040816326530612	0.1564625850340136	0.034013605442176874	0.034013605442176874	0.061224489795918366	0.08163265306122448	0.09523809523809523	0.027210884353741496	0.04081632653061224	0.061224489795918366	0.0	0.006802721088435374
P32056	0.06918238993710692	0.0	0.06918238993710692	0.07547169811320754	0.08176100628930817	0.07547169811320754	0.025157232704402517	0.012578616352201259	0.018867924528301886	0.11949685534591195	0.012578616352201259	0.031446540880503145	0.03773584905660377	0.03773584905660377	0.08176100628930817	0.050314465408805034	0.06918238993710692	0.07547169811320754	0.018867924528301886	0.03773584905660377
Q04609	0.072	0.005333333333333333	0.048	0.064	0.06	0.08133333333333333	0.021333333333333333	0.052	0.06	0.08133333333333333	0.02	0.050666666666666665	0.06133333333333333	0.02666666666666667	0.04666666666666667	0.076	0.04	0.064	0.017333333333333333	0.052
P22734	0.07196969696969698	0.015151515151515152	0.06818181818181818	0.041666666666666664	0.022727272727272728	0.06818181818181818	0.015151515151515152	0.041666666666666664	0.05303030303030303	0.1590909090909091	0.03787878787878788	0.026515151515151516	0.04924242424242424	0.05303030303030303	0.03787878787878788	0.05303030303030303	0.045454545454545456	0.07196969696969698	0.015151515151515152	0.05303030303030303
Q8Y9N5	0.0859106529209622	0.013745704467353952	0.058419243986254296	0.07903780068728522	0.03436426116838488	0.08247422680412371	0.027491408934707903	0.07903780068728522	0.07903780068728522	0.08934707903780069	0.037800687285223365	0.044673539518900345	0.030927835051546393	0.024054982817869417	0.030927835051546393	0.030927835051546393	0.07560137457044673	0.061855670103092786	0.010309278350515464	0.024054982817869417
Q00944	0.06457739791073125	0.013295346628679962	0.04938271604938271	0.08072174738841406	0.029439696106362774	0.05698005698005698	0.02564102564102564	0.05318138651471985	0.05982905982905983	0.09401709401709402	0.03418803418803419	0.03798670465337132	0.06552706552706553	0.05128205128205128	0.05887939221272555	0.07597340930674264	0.04368471035137702	0.05887939221272555	0.012345679012345678	0.03418803418803419
P35968	0.05014749262536873	0.024336283185840708	0.05088495575221239	0.07595870206489676	0.03023598820058997	0.06268436578171091	0.019174041297935103	0.058997050147492625	0.061946902654867256	0.09144542772861357	0.019174041297935103	0.03908554572271387	0.05235988200589971	0.03761061946902655	0.04498525073746313	0.08333333333333333	0.06710914454277286	0.08112094395280237	0.014011799410029498	0.035398230088495575
P04395	0.14184397163120568	0.014184397163120567	0.04609929078014184	0.04609929078014184	0.031914893617021274	0.07092198581560284	0.014184397163120567	0.0425531914893617	0.028368794326241134	0.11702127659574468	0.028368794326241134	0.02127659574468085	0.07092198581560284	0.04964539007092199	0.07092198581560284	0.031914893617021274	0.04609929078014184	0.05319148936170213	0.031914893617021274	0.0425531914893617
Q9X6J6	0.06756756756756757	0.0	0.05405405405405406	0.08108108108108109	0.04054054054054054	0.0945945945945946	0.05405405405405406	0.08108108108108109	0.0945945945945946	0.05405405405405406	0.013513513513513514	0.02702702702702703	0.0	0.02702702702702703	0.05405405405405406	0.05405405405405406	0.08108108108108109	0.0945945945945946	0.0	0.02702702702702703
P38051	0.10672853828306264	0.013921113689095127	0.058004640371229696	0.058004640371229696	0.03480278422273782	0.05104408352668213	0.025522041763341066	0.04176334106728538	0.03248259860788863	0.13225058004640372	0.016241299303944315	0.03480278422273782	0.04640371229698376	0.07424593967517401	0.07888631090487239	0.05104408352668213	0.058004640371229696	0.04408352668213457	0.025522041763341066	0.016241299303944315
O58185	0.08695652173913043	0.007246376811594203	0.050724637681159424	0.10507246376811594	0.03985507246376811	0.050724637681159424	0.014492753623188406	0.09057971014492754	0.057971014492753624	0.11231884057971014	0.03260869565217391	0.025362318840579712	0.03260869565217391	0.010869565217391304	0.08333333333333333	0.050724637681159424	0.04710144927536232	0.06884057971014493	0.007246376811594203	0.025362318840579712
P02766	0.10204081632653061	0.013605442176870748	0.034013605442176874	0.08843537414965986	0.04081632653061224	0.07482993197278912	0.034013605442176874	0.034013605442176874	0.05442176870748299	0.08843537414965986	0.013605442176870748	0.02040816326530612	0.05442176870748299	0.0	0.034013605442176874	0.08843537414965986	0.08163265306122448	0.09523809523809523	0.013605442176870748	0.034013605442176874
P09211	0.07142857142857142	0.01904761904761905	0.06190476190476191	0.047619047619047616	0.03333333333333333	0.08571428571428572	0.009523809523809525	0.03333333333333333	0.05714285714285714	0.1523809523809524	0.014285714285714285	0.0380952380952381	0.05238095238095238	0.06190476190476191	0.0380952380952381	0.047619047619047616	0.04285714285714286	0.06666666666666667	0.009523809523809525	0.05714285714285714
Q9NQV7	0.03243847874720358	0.0447427293064877	0.03243847874720358	0.08612975391498881	0.03131991051454139	0.08612975391498881	0.04809843400447427	0.024608501118568233	0.07046979865771812	0.06375838926174497	0.013422818791946308	0.030201342281879196	0.052572706935123045	0.053691275167785234	0.10067114093959731	0.07606263982102908	0.053691275167785234	0.04586129753914989	0.017897091722595078	0.035794183445190156
P0C0S1	0.11538461538461539	0.0	0.055944055944055944	0.03496503496503497	0.038461538461538464	0.07692307692307693	0.0	0.11188811188811189	0.03146853146853147	0.0979020979020979	0.024475524475524476	0.05944055944055944	0.017482517482517484	0.03146853146853147	0.06293706293706294	0.06643356643356643	0.03146853146853147	0.11188811188811189	0.01048951048951049	0.02097902097902098
P00524	0.07034220532319392	0.02091254752851711	0.04182509505703422	0.0741444866920152	0.03612167300380228	0.0779467680608365	0.019011406844106463	0.030418250950570342	0.057034220532319393	0.09505703422053231	0.022813688212927757	0.030418250950570342	0.060836501901140684	0.039923954372623575	0.06273764258555133	0.06844106463878327	0.07604562737642585	0.058935361216730035	0.017110266159695818	0.039923954372623575
P24758	0.048	0.012	0.074	0.046	0.044	0.046	0.046	0.106	0.064	0.074	0.024	0.08	0.054	0.024	0.044	0.046	0.054	0.046	0.012	0.056
P29274	0.10194174757281553	0.03640776699029126	0.021844660194174758	0.03640776699029126	0.04854368932038835	0.0825242718446602	0.02669902912621359	0.0703883495145631	0.021844660194174758	0.12135922330097088	0.019417475728155338	0.043689320388349516	0.05825242718446602	0.038834951456310676	0.04611650485436893	0.06310679611650485	0.03398058252427184	0.08495145631067962	0.01699029126213592	0.02669902912621359
Q5UQL3	0.051094890510948905	0.0072992700729927005	0.072992700729927	0.08759124087591241	0.043795620437956206	0.043795620437956206	0.021897810218978103	0.11678832116788321	0.06569343065693431	0.058394160583941604	0.0364963503649635	0.058394160583941604	0.0364963503649635	0.029197080291970802	0.058394160583941604	0.08759124087591241	0.043795620437956206	0.043795620437956206	0.014598540145985401	0.021897810218978103
