#	A	C	D	E	F	G	H	I	K	L	M	N	P	Q	R	S	T	V	W	Y
P49418	0.09784172661870504	0.004316546762589928	0.058992805755395686	0.11942446043165468	0.034532374100719423	0.05467625899280575	0.015827338129496403	0.030215827338129497	0.0618705035971223	0.08057553956834532	0.014388489208633094	0.02446043165467626	0.08776978417266187	0.053237410071942444	0.03597122302158273	0.06762589928057554	0.06906474820143885	0.06330935251798561	0.010071942446043165	0.015827338129496403
O43426	0.06993006993006994	0.012714558169103624	0.0508582326764145	0.05912269548633185	0.04895104895104895	0.062301335028607754	0.01652892561983471	0.04132231404958678	0.05467260012714558	0.09281627463445645	0.01652892561983471	0.03877940241576605	0.08391608391608392	0.04831532104259377	0.05467260012714558	0.10616656071201526	0.05530832803560076	0.05848696757787667	0.012078830260648443	0.01652892561983471
P50570	0.059770114942528735	0.006896551724137931	0.06091954022988506	0.07011494252873564	0.035632183908045977	0.05057471264367816	0.020689655172413793	0.0735632183908046	0.059770114942528735	0.09770114942528736	0.021839080459770115	0.040229885057471264	0.07586206896551724	0.04942528735632184	0.07011494252873564	0.07241379310344828	0.04827586206896552	0.059770114942528735	0.005747126436781609	0.020689655172413793
P10275	0.08804347826086957	0.029347826086956522	0.04021739130434782	0.059782608695652176	0.030434782608695653	0.10434782608695652	0.020652173913043477	0.025	0.043478260869565216	0.09456521739130434	0.02391304347826087	0.021739130434782608	0.08043478260869565	0.07717391304347826	0.04456521739130435	0.08804347826086957	0.04021739130434782	0.043478260869565216	0.008695652173913044	0.035869565217391305
P00519	0.08584070796460178	0.012389380530973451	0.03716814159292035	0.07964601769911504	0.02566371681415929	0.07787610619469026	0.021238938053097345	0.02920353982300885	0.07256637168141593	0.08495575221238938	0.01592920353982301	0.035398230088495575	0.07964601769911504	0.02920353982300885	0.05663716814159292	0.10619469026548672	0.05752212389380531	0.05486725663716814	0.011504424778761062	0.02654867256637168
P11532	0.05780189959294437	0.00976933514246947	0.05264586160108548	0.10502035278154681	0.02198100407055631	0.03012211668928087	0.023880597014925373	0.046404341926729986	0.07978290366350067	0.12347354138398914	0.021709633649932156	0.04477611940298507	0.03554952510176391	0.08331071913161466	0.05373134328358209	0.06594301221166893	0.054274084124830396	0.053459972862957936	0.01953867028493894	0.01682496607869742
P46939	0.05796679289251384	0.011360326245266531	0.06495776288960094	0.10340809787357996	0.01951645790853481	0.033207107486163706	0.025050975822895425	0.04951937081270026	0.07660937955141275	0.12292455578211477	0.024468394989804836	0.041071948732886686	0.033207107486163706	0.0739877658025051	0.05039324206233615	0.07049228080396155	0.05272356539469852	0.05680163122633265	0.017186134576172445	0.015147101660355374
P07237	0.09645669291338582	0.013779527559055118	0.08464566929133858	0.11023622047244094	0.06496062992125984	0.05708661417322835	0.021653543307086614	0.045275590551181105	0.09251968503937008	0.09055118110236221	0.00984251968503937	0.02952755905511811	0.04133858267716536	0.025590551181102362	0.031496062992125984	0.045275590551181105	0.045275590551181105	0.0610236220472441	0.00984251968503937	0.023622047244094488
P27797	0.03836930455635491	0.007194244604316547	0.13189448441247004	0.12949640287769784	0.04316546762589928	0.06474820143884892	0.016786570743405275	0.045563549160671464	0.10071942446043165	0.06235011990407674	0.011990407673860911	0.03836930455635491	0.06474820143884892	0.03597122302158273	0.019184652278177457	0.047961630695443645	0.03597122302158273	0.045563549160671464	0.026378896882494004	0.03357314148681055
P50750	0.05913978494623656	0.01881720430107527	0.056451612903225805	0.06182795698924731	0.03763440860215054	0.051075268817204304	0.021505376344086023	0.051075268817204304	0.07795698924731183	0.12096774193548387	0.02956989247311828	0.04838709677419355	0.04838709677419355	0.0456989247311828	0.06182795698924731	0.051075268817204304	0.04838709677419355	0.05913978494623656	0.013440860215053764	0.03763440860215054
P38398	0.04508856682769726	0.023617820719269995	0.045625335480407946	0.10628019323671498	0.026301663982823402	0.04669887278582931	0.026301663982823402	0.041331186258722494	0.07353730542136339	0.08373590982286634	0.01610305958132045	0.06494900697799248	0.05152979066022544	0.05206655931293613	0.04079441760601181	0.1202361782071927	0.05958132045088567	0.05421363392377885	0.005367686527106817	0.016639828234031134
Q14192	0.035842293906810034	0.12544802867383512	0.05734767025089606	0.06810035842293907	0.05734767025089606	0.05734767025089606	0.035842293906810034	0.03942652329749104	0.08960573476702509	0.053763440860215055	0.014336917562724014	0.035842293906810034	0.03942652329749104	0.04659498207885305	0.04659498207885305	0.05734767025089606	0.05734767025089606	0.02867383512544803	0.014336917562724014	0.03942652329749104
P49810	0.060267857142857144	0.020089285714285716	0.03794642857142857	0.08035714285714286	0.046875	0.06696428571428571	0.008928571428571428	0.05803571428571429	0.033482142857142856	0.12946428571428573	0.04017857142857143	0.022321428571428572	0.0625	0.026785714285714284	0.029017857142857144	0.06473214285714286	0.060267857142857144	0.08482142857142858	0.017857142857142856	0.049107142857142856
P63104	0.10204081632653061	0.012244897959183673	0.061224489795918366	0.12244897959183673	0.024489795918367346	0.044897959183673466	0.004081632653061225	0.04081632653061224	0.08163265306122448	0.09795918367346938	0.02857142857142857	0.04081632653061224	0.0163265306122449	0.05714285714285714	0.044897959183673466	0.07755102040816327	0.04081632653061224	0.04897959183673469	0.00816326530612245	0.044897959183673466
O60674	0.045936395759717315	0.023851590106007067	0.05035335689045936	0.07597173144876325	0.04770318021201413	0.054770318021201414	0.029151943462897525	0.06713780918727916	0.06978798586572438	0.09628975265017668	0.026501766784452298	0.05830388692579505	0.045053003533568906	0.03975265017667844	0.053003533568904596	0.0636042402826855	0.04770318021201413	0.04946996466431095	0.012367491166077738	0.04328621908127209
P45985	0.05263157894736842	0.020050125313283207	0.06015037593984962	0.05513784461152882	0.03759398496240601	0.07769423558897243	0.020050125313283207	0.05764411027568922	0.07268170426065163	0.08270676691729323	0.03007518796992481	0.03508771929824561	0.07518796992481203	0.03258145363408521	0.05012531328320802	0.09273182957393483	0.040100250626566414	0.06265664160401002	0.010025062656641603	0.03508771929824561
P08069	0.05267008046817849	0.03218727139722019	0.04535479151426482	0.08266276517922458	0.03438185808339429	0.06656912948061448	0.016825164594001463	0.053401609363569864	0.05047549378200439	0.08485735186539868	0.02852962692026335	0.06217995610826628	0.0592538405267008	0.025603511338697878	0.058522311631309436	0.07095830285296269	0.05047549378200439	0.06364301389904901	0.015362106803218726	0.046086320409656184
Q15811	0.06333527019174898	0.008715862870424172	0.04299825682742592	0.09296920395119117	0.030796048808832074	0.054038349796629866	0.018593840790238233	0.04822777454968042	0.08134805345729228	0.09761766414875073	0.02033701336432307	0.03544450900639163	0.06565950029052876	0.07728065078442765	0.0557815223707147	0.0674026728646136	0.04938988959907031	0.0557815223707147	0.017431725740848343	0.0168506682161534
P49757	0.11367127496159754	0.018433179723502304	0.039938556067588324	0.059907834101382486	0.05222734254992319	0.05222734254992319	0.026113671274961597	0.026113671274961597	0.055299539170506916	0.0445468509984639	0.018433179723502304	0.030721966205837174	0.0967741935483871	0.05683563748079877	0.05683563748079877	0.08602150537634409	0.07373271889400922	0.07219662058371736	0.010752688172043012	0.009216589861751152
O75369	0.06994619523443504	0.014604150653343582	0.05995388162951576	0.06302843966179862	0.033051498847040735	0.106456571867794	0.022290545734050732	0.05149884704073789	0.06648731744811684	0.053804765564950036	0.014219830899308224	0.033820138355111454	0.07686395080707148	0.027671022290545733	0.03189853958493467	0.06840891621829362	0.06456571867794005	0.101076095311299	0.006149116064565719	0.03420445810914681
P49768	0.07708779443254818	0.010706638115631691	0.04068522483940043	0.06852248394004283	0.04925053533190578	0.04925053533190578	0.021413276231263382	0.06638115631691649	0.034261241970021415	0.11991434689507495	0.027837259100642397	0.03640256959314775	0.04068522483940043	0.04068522483940043	0.042826552462526764	0.0728051391862955	0.055674518201284794	0.08779443254817987	0.017130620985010708	0.04068522483940043
P21333	0.07177937287495277	0.018133736305251228	0.055534567434831886	0.06044578768417076	0.02871174914998111	0.11446921042689838	0.02455610124669437	0.0426898375519456	0.06044578768417076	0.05289006422364941	0.01095579901775595	0.029467321496033247	0.07933509633547413	0.03551190026445032	0.03513411409142425	0.06989044200982245	0.06611258027956177	0.10540234227427277	0.006422364941443143	0.032111824707215714
Q9UMX0	0.0865874363327674	0.0	0.023769100169779286	0.050933786078098474	0.027164685908319185	0.08828522920203735	0.011884550084889643	0.03395585738539898	0.01867572156196944	0.09847198641765705	0.05602716468590832	0.07130730050933787	0.07470288624787776	0.11035653650254669	0.03225806451612903	0.10865874363327674	0.0730050933786078	0.027164685908319185	0.001697792869269949	0.0050933786078098476
Q99828	0.04712041884816754	0.015706806282722512	0.08900523560209424	0.08900523560209424	0.07329842931937172	0.03664921465968586	0.015706806282722512	0.05759162303664921	0.041884816753926704	0.13612565445026178	0.010471204188481676	0.02617801047120419	0.03664921465968586	0.041884816753926704	0.06806282722513089	0.12041884816753927	0.04712041884816754	0.03664921465968586	0.0	0.010471204188481676
Q99569	0.06459731543624161	0.01174496644295302	0.04697986577181208	0.050335570469798654	0.015939597315436243	0.061241610738255035	0.02181208053691275	0.03271812080536913	0.04194630872483222	0.08640939597315436	0.016778523489932886	0.04865771812080537	0.0662751677852349	0.061241610738255035	0.07130872483221476	0.12164429530201343	0.06711409395973154	0.06291946308724833	0.009228187919463088	0.041107382550335574
P03372	0.07899159663865546	0.021848739495798318	0.040336134453781515	0.06050420168067227	0.025210084033613446	0.07899159663865546	0.03697478991596639	0.031932773109243695	0.04873949579831933	0.1226890756302521	0.0453781512605042	0.04201680672268908	0.058823529411764705	0.04201680672268908	0.058823529411764705	0.07563025210084033	0.04201680672268908	0.04201680672268908	0.008403361344537815	0.03865546218487395
Q14571	0.053313587560162905	0.02073306182895224	0.05627545353572751	0.07293594964827842	0.04405775638652351	0.050351721584598295	0.02702702702702703	0.061458718992965566	0.06293965198074787	0.1095890410958904	0.030729359496482783	0.05775638652350981	0.03591262495372084	0.04331728989263236	0.050721954831543875	0.0625694187338023	0.0518326545723806	0.06886338393187708	0.00777489818585709	0.03184005923731951
P08047	0.08152866242038216	0.014012738853503185	0.022929936305732482	0.030573248407643312	0.015286624203821656	0.12484076433121019	0.01910828025477707	0.05222929936305733	0.025477707006369428	0.07006369426751592	0.017834394904458598	0.062420382165605096	0.0535031847133758	0.11337579617834395	0.0267515923566879	0.12229299363057325	0.08662420382165605	0.04713375796178344	0.005095541401273885	0.008917197452229299
P08922	0.05325948018747337	0.020877716233489562	0.041755432466979124	0.06135492117596932	0.045590115040477205	0.06007669365146996	0.020877716233489562	0.0651896037494674	0.04985087345547507	0.09927567106945036	0.01533873029399233	0.0524073285044738	0.054111631870472944	0.04132935662547933	0.036642522368981675	0.08862377503195569	0.060502769492969746	0.07072858968896463	0.022155943757988922	0.04005112910097997
Q14814	0.0671785028790787	0.007677543186180422	0.04222648752399232	0.04222648752399232	0.023032629558541268	0.0710172744721689	0.02111324376199616	0.02495201535508637	0.036468330134357005	0.1017274472168906	0.015355086372360844	0.04030710172744722	0.13051823416506717	0.08061420345489444	0.04990403071017274	0.11132437619961612	0.05950095969289827	0.05182341650671785	0.003838771593090211	0.019193857965451054
Q06413	0.04439746300211417	0.012684989429175475	0.0507399577167019	0.042283298097251586	0.014799154334038054	0.07188160676532769	0.02748414376321353	0.03382663847780127	0.040169133192389	0.09513742071881606	0.03171247357293869	0.06765327695560254	0.09090909090909091	0.035940803382663845	0.05708245243128964	0.14376321353065538	0.06342494714587738	0.046511627906976744	0.004228329809725159	0.02536997885835095
P06730	0.05069124423963134	0.018433179723502304	0.06451612903225806	0.08294930875576037	0.03686635944700461	0.05069124423963134	0.02304147465437788	0.05069124423963134	0.07373271889400922	0.07834101382488479	0.013824884792626729	0.059907834101382486	0.05069124423963134	0.03225806451612903	0.055299539170506916	0.055299539170506916	0.08294930875576037	0.055299539170506916	0.03686635944700461	0.027649769585253458
P06400	0.04741379310344827	0.016163793103448277	0.04849137931034483	0.07866379310344827	0.04202586206896552	0.03125	0.018318965517241378	0.06465517241379311	0.08189655172413793	0.10883620689655173	0.03017241379310345	0.04849137931034483	0.06465517241379311	0.03771551724137931	0.04956896551724138	0.08512931034482758	0.059267241379310345	0.04956896551724138	0.007543103448275862	0.03017241379310345
Q99962	0.056818181818181816	0.008522727272727272	0.05965909090909091	0.10795454545454546	0.036931818181818184	0.07102272727272728	0.02556818181818182	0.048295454545454544	0.07954545454545454	0.09659090909090909	0.036931818181818184	0.03125	0.05113636363636364	0.07102272727272728	0.05113636363636364	0.056818181818181816	0.036931818181818184	0.048295454545454544	0.002840909090909091	0.022727272727272728
P62136	0.045454545454545456	0.03939393939393939	0.0696969696969697	0.06363636363636363	0.05757575757575758	0.08181818181818182	0.01818181818181818	0.06060606060606061	0.06666666666666667	0.11818181818181818	0.01818181818181818	0.045454545454545456	0.051515151515151514	0.03939393939393939	0.05454545454545454	0.05454545454545454	0.02727272727272727	0.03939393939393939	0.00909090909090909	0.03939393939393939
Q96CV9	0.06759098786828423	0.012131715771230503	0.043327556325823226	0.15771230502599654	0.01733102253032929	0.036395147313691506	0.025996533795493933	0.029462738301559793	0.09532062391681109	0.11785095320623917	0.029462738301559793	0.03466204506065858	0.025996533795493933	0.06932409012131716	0.05199306759098787	0.07972270363951472	0.053726169844020795	0.03986135181975736	0.0034662045060658577	0.008665511265164644
P55210	0.0594059405940594	0.036303630363036306	0.0891089108910891	0.0627062706270627	0.056105610561056105	0.0594059405940594	0.0231023102310231	0.056105610561056105	0.08250825082508251	0.066006600660066	0.0231023102310231	0.0462046204620462	0.039603960396039604	0.036303630363036306	0.04950495049504951	0.06930693069306931	0.04950495049504951	0.0594059405940594	0.006600660066006601	0.0297029702970297
P42574	0.04332129963898917	0.02888086642599278	0.07220216606498195	0.07220216606498195	0.05415162454873646	0.05776173285198556	0.02888086642599278	0.06859205776173286	0.07942238267148015	0.07220216606498195	0.036101083032490974	0.05415162454873646	0.02527075812274368	0.01444043321299639	0.05054151624548736	0.09386281588447654	0.05776173285198556	0.04693140794223827	0.007220216606498195	0.036101083032490974
P36507	0.0625	0.0125	0.0475	0.0875	0.0325	0.0775	0.025	0.0675	0.06	0.1	0.0275	0.035	0.0775	0.035	0.0625	0.0625	0.035	0.0675	0.005	0.02
Q02750	0.061068702290076333	0.015267175572519083	0.05089058524173028	0.07633587786259542	0.035623409669211195	0.07888040712468193	0.022900763358778626	0.06361323155216285	0.07124681933842239	0.09669211195928754	0.03307888040712468	0.03307888040712468	0.0737913486005089	0.043256997455470736	0.04580152671755725	0.07633587786259542	0.030534351145038167	0.06361323155216285	0.005089058524173028	0.022900763358778626
P98170	0.060362173038229376	0.04024144869215292	0.052313883299798795	0.0744466800804829	0.05432595573440644	0.060362173038229376	0.02414486921529175	0.0482897384305835	0.05835010060362173	0.06639839034205232	0.02012072434607646	0.05432595573440644	0.04225352112676056	0.04627766599597585	0.05835010060362173	0.07847082494969819	0.056338028169014086	0.05030181086519115	0.01609657947686117	0.03822937625754527
P04637	0.061068702290076333	0.02544529262086514	0.05089058524173028	0.07633587786259542	0.027989821882951654	0.058524173027989825	0.030534351145038167	0.020356234096692113	0.05089058524173028	0.08142493638676845	0.030534351145038167	0.035623409669211195	0.11450381679389313	0.03816793893129771	0.06615776081424936	0.09669211195928754	0.05597964376590331	0.04580152671755725	0.010178117048346057	0.022900763358778626
P42858	0.07511139401654997	0.022278803309993635	0.044239338001273075	0.06460852959898154	0.030235518777848504	0.044239338001273075	0.028325907065563337	0.04742202418841502	0.03946530872056015	0.13303628262253342	0.021005728835136857	0.02864417568427753	0.05983450031826862	0.05728835136855506	0.049013367281986	0.09739019732654361	0.05410566518141311	0.07383831954169319	0.010184595798854232	0.019732654360280075
Q92793	0.07207207207207207	0.020475020475020474	0.03194103194103194	0.042997542997543	0.020065520065520065	0.07084357084357085	0.02620802620802621	0.030712530712530713	0.0475020475020475	0.07084357084357085	0.038902538902538905	0.04873054873054873	0.11302211302211303	0.10974610974610975	0.04013104013104013	0.08927108927108927	0.05446355446355446	0.04873054873054873	0.005733005733005733	0.01760851760851761
P11802	0.07260726072607261	0.013201320132013201	0.056105610561056105	0.0627062706270627	0.0429042904290429	0.07920792079207921	0.0297029702970297	0.036303630363036306	0.036303630363036306	0.10891089108910891	0.026402640264026403	0.0231023102310231	0.08250825082508251	0.026402640264026403	0.07590759075907591	0.04950495049504951	0.04950495049504951	0.0891089108910891	0.009900990099009901	0.0297029702970297
P06493	0.04040404040404041	0.003367003367003367	0.06397306397306397	0.06060606060606061	0.037037037037037035	0.06060606060606061	0.026936026936026935	0.07407407407407407	0.08080808080808081	0.12121212121212122	0.026936026936026935	0.03367003367003367	0.050505050505050504	0.03367003367003367	0.050505050505050504	0.0707070707070707	0.04377104377104377	0.06060606060606061	0.013468013468013467	0.04713804713804714
Q99523	0.052948255114320095	0.02045728038507822	0.07099879663056559	0.05174488567990373	0.044524669073405534	0.0914560770156438	0.026474127557160047	0.052948255114320095	0.048134777376654635	0.08664259927797834	0.018050541516245487	0.03850782190132371	0.044524669073405534	0.030084235860409144	0.04693140794223827	0.08784596871239471	0.06618531889290012	0.06618531889290012	0.02045728038507822	0.03489771359807461
Q16665	0.05205811138014528	0.018159806295399514	0.06900726392251816	0.07384987893462469	0.029055690072639227	0.04116222760290557	0.026634382566585957	0.0423728813559322	0.06053268765133172	0.10048426150121065	0.03389830508474576	0.039951573849878935	0.06053268765133172	0.05690072639225181	0.0423728813559322	0.09443099273607748	0.07990314769975787	0.048426150121065374	0.0036319612590799033	0.026634382566585957
Q92993	0.037037037037037035	0.025341130604288498	0.05263157894736842	0.07602339181286549	0.031189083820662766	0.06042884990253411	0.021442495126705652	0.06042884990253411	0.07992202729044834	0.10526315789473684	0.011695906432748537	0.031189083820662766	0.07017543859649122	0.03313840155945419	0.06627680311890838	0.08382066276803118	0.05458089668615984	0.042884990253411304	0.011695906432748537	0.04483430799220273
P55211	0.057692307692307696	0.03125	0.06490384615384616	0.06490384615384616	0.052884615384615384	0.07451923076923077	0.019230769230769232	0.04567307692307692	0.040865384615384616	0.11778846153846154	0.016826923076923076	0.028846153846153848	0.057692307692307696	0.04567307692307692	0.07211538461538461	0.08413461538461539	0.04326923076923077	0.06009615384615385	0.009615384615384616	0.01201923076923077
Q07666	0.08126410835214447	0.004514672686230248	0.05191873589164785	0.06997742663656885	0.01805869074492099	0.10835214446952596	0.020316027088036117	0.024830699774266364	0.05417607223476298	0.06320541760722348	0.029345372460496615	0.01805869074492099	0.1309255079006772	0.03837471783295711	0.07674943566591422	0.06320541760722348	0.04288939051918736	0.05191873589164785	0.002257336343115124	0.04966139954853273
P57678	0.07372400756143667	0.02930056710775047	0.03969754253308128	0.08034026465028356	0.04725897920604915	0.035916824196597356	0.02835538752362949	0.03969754253308128	0.04914933837429111	0.15217391304347827	0.020793950850661626	0.020793950850661626	0.0500945179584121	0.05103969754253308	0.04725897920604915	0.07466918714555766	0.05198487712665406	0.06899810964083176	0.022684310018903593	0.01606805293005671
O15061	0.08434504792332269	0.0038338658146964857	0.05047923322683706	0.12523961661341854	0.021725239616613417	0.08306709265175719	0.021725239616613417	0.02939297124600639	0.043450479233226834	0.07667731629392971	0.012779552715654952	0.01597444089456869	0.043450479233226834	0.0536741214057508	0.08562300319488818	0.09456869009584665	0.058146964856230034	0.06900958466453674	0.009584664536741214	0.017252396166134186
P04049	0.05246913580246913	0.021604938271604937	0.044753086419753084	0.044753086419753084	0.044753086419753084	0.05401234567901234	0.035493827160493825	0.04938271604938271	0.05864197530864197	0.08333333333333333	0.030864197530864196	0.043209876543209874	0.05555555555555555	0.05092592592592592	0.06172839506172839	0.10185185185185185	0.06327160493827161	0.06635802469135803	0.013888888888888888	0.023148148148148147
Q00987	0.03054989816700611	0.038696537678207736	0.07331975560081466	0.11405295315682282	0.02240325865580448	0.04276985743380855	0.018329938900203666	0.04073319755600815	0.06313645621181263	0.07331975560081466	0.016293279022403257	0.03665987780040733	0.04684317718940937	0.054989816700611	0.04276985743380855	0.13441955193482688	0.05091649694501019	0.06313645621181263	0.008146639511201629	0.028513238289205704
Q9NZ52	0.07883817427385892	0.011065006915629323	0.04426002766251729	0.07192254495159059	0.027662517289073305	0.04979253112033195	0.016597510373443983	0.03872752420470263	0.059474412171507604	0.12448132780082988	0.013831258644536652	0.04149377593360996	0.11065006915629322	0.04702627939142462	0.034578146611341634	0.10235131396957123	0.04564315352697095	0.06085753803596127	0.009681881051175657	0.011065006915629323
Q9UJY5	0.06729264475743349	0.00782472613458529	0.050078247261345854	0.0782472613458529	0.025039123630672927	0.04538341158059468	0.012519561815336464	0.03599374021909233	0.057902973395931145	0.1189358372456964	0.028169014084507043	0.03912363067292645	0.10172143974960876	0.054773082942097026	0.04381846635367762	0.09389671361502347	0.057902973395931145	0.057902973395931145	0.009389671361502348	0.014084507042253521
P11717	0.056202328382175835	0.04897631473303894	0.06262545162585308	0.0586109995985548	0.04014452027298274	0.07948615014050582	0.018867924528301886	0.03773584905660377	0.057406663990365314	0.07667603372139703	0.010036130068245684	0.04134885588117222	0.05058209554395825	0.03613006824568447	0.04576475311120032	0.08992372541148133	0.06904857486953031	0.06985146527498996	0.011641910879164994	0.03894018466479326
Q13546	0.05216095380029806	0.014903129657228018	0.043219076005961254	0.08643815201192251	0.026825633383010434	0.06408345752608048	0.03278688524590164	0.05216095380029806	0.06557377049180328	0.08792846497764531	0.03576751117734724	0.05961251862891207	0.05663189269746647	0.04769001490312966	0.043219076005961254	0.08494783904619971	0.043219076005961254	0.05067064083457526	0.010432190760059613	0.041728763040238454
Q9Y2G2	0.05568445475638051	0.0069605568445475635	0.05104408352668213	0.08816705336426914	0.048723897911832945	0.05568445475638051	0.03480278422273782	0.04408352668213457	0.04640371229698376	0.11600928074245939	0.02088167053364269	0.03480278422273782	0.05568445475638051	0.04640371229698376	0.04176334106728538	0.08352668213457076	0.03944315545243619	0.07888631090487239	0.016241299303944315	0.03480278422273782
P32121	0.0488997555012225	0.022004889975550123	0.08801955990220049	0.0488997555012225	0.0488997555012225	0.04645476772616137	0.029339853300733496	0.029339853300733496	0.08068459657701711	0.10268948655256724	0.009779951100244499	0.03178484107579462	0.07823960880195599	0.034229828850855744	0.05867970660146699	0.05867970660146699	0.05867970660146699	0.09535452322738386	0.0	0.029339853300733496
P19438	0.04395604395604396	0.06593406593406594	0.046153846153846156	0.06593406593406594	0.03076923076923077	0.06593406593406594	0.02197802197802198	0.02857142857142857	0.04395604395604396	0.12747252747252746	0.01098901098901099	0.03736263736263736	0.08131868131868132	0.03296703296703297	0.05934065934065934	0.07912087912087912	0.06813186813186813	0.05054945054945055	0.01098901098901099	0.02857142857142857
Q15628	0.125	0.019230769230769232	0.04807692307692308	0.08012820512820513	0.02564102564102564	0.07371794871794872	0.01282051282051282	0.009615384615384616	0.02564102564102564	0.15705128205128205	0.00641025641025641	0.016025641025641024	0.0673076923076923	0.07692307692307693	0.09294871794871795	0.060897435897435896	0.016025641025641024	0.057692307692307696	0.00641025641025641	0.022435897435897436
P21796	0.07420494699646643	0.007067137809187279	0.04946996466431095	0.053003533568904596	0.04946996466431095	0.11307420494699646	0.01060070671378092	0.038869257950530034	0.08833922261484099	0.0989399293286219	0.01060070671378092	0.06713780918727916	0.02120141342756184	0.028268551236749116	0.024734982332155476	0.0636042402826855	0.10600706713780919	0.04240282685512368	0.014134275618374558	0.038869257950530034
P68400	0.056265984654731455	0.005115089514066497	0.06905370843989769	0.056265984654731455	0.03324808184143223	0.056265984654731455	0.04092071611253197	0.05370843989769821	0.058823529411764705	0.08439897698209718	0.03836317135549872	0.043478260869565216	0.061381074168797956	0.030690537084398978	0.06649616368286446	0.0639386189258312	0.03324808184143223	0.07672634271099744	0.01278772378516624	0.058823529411764705
P25445	0.03283582089552239	0.0626865671641791	0.050746268656716415	0.07761194029850746	0.01791044776119403	0.050746268656716415	0.03283582089552239	0.05373134328358209	0.0955223880597015	0.09850746268656717	0.005970149253731343	0.06567164179104477	0.03582089552238806	0.041791044776119404	0.04776119402985075	0.05970149253731343	0.08358208955223881	0.06567164179104477	0.011940298507462687	0.008955223880597015
Q14790	0.031315240083507306	0.027139874739039668	0.07306889352818371	0.09394572025052192	0.04175365344467641	0.04592901878914405	0.014613778705636743	0.0709812108559499	0.0709812108559499	0.11482254697286012	0.031315240083507306	0.04175365344467641	0.04175365344467641	0.054279749478079335	0.054279749478079335	0.07724425887265135	0.04384133611691023	0.031315240083507306	0.0020876826722338203	0.037578288100208766
O43521	0.08585858585858586	0.020202020202020204	0.045454545454545456	0.05555555555555555	0.04040404040404041	0.06060606060606061	0.025252525252525252	0.030303030303030304	0.010101010101010102	0.0707070707070707	0.04040404040404041	0.030303030303030304	0.12121212121212122	0.06060606060606061	0.10101010101010101	0.10606060606060606	0.030303030303030304	0.025252525252525252	0.010101010101010102	0.030303030303030304
P60953	0.05759162303664921	0.031413612565445025	0.05759162303664921	0.06806282722513089	0.041884816753926704	0.04712041884816754	0.010471204188481676	0.041884816753926704	0.08900523560209424	0.09947643979057591	0.010471204188481676	0.02617801047120419	0.07853403141361257	0.031413612565445025	0.031413612565445025	0.05235602094240838	0.08376963350785341	0.09947643979057591	0.005235602094240838	0.03664921465968586
Q13153	0.06422018348623854	0.009174311926605505	0.060550458715596334	0.08073394495412844	0.023853211009174313	0.04954128440366973	0.014678899082568808	0.05504587155963303	0.08623853211009175	0.07889908256880734	0.031192660550458717	0.05688073394495413	0.07889908256880734	0.03853211009174312	0.03669724770642202	0.06972477064220184	0.07155963302752294	0.060550458715596334	0.007339449541284404	0.025688073394495414
P42768	0.07370517928286853	0.00796812749003984	0.055776892430278883	0.04780876494023904	0.02390438247011952	0.1254980079681275	0.017928286852589643	0.029880478087649404	0.03386454183266932	0.08964143426294821	0.013944223107569721	0.027888446215139442	0.18127490039840638	0.061752988047808766	0.061752988047808766	0.05976095617529881	0.029880478087649404	0.035856573705179286	0.00796812749003984	0.013944223107569721
P50591	0.03558718861209965	0.017793594306049824	0.03914590747330961	0.07473309608540925	0.042704626334519574	0.05693950177935943	0.021352313167259787	0.060498220640569395	0.06405693950177936	0.08185053380782918	0.03202846975088968	0.05338078291814947	0.028469750889679714	0.060498220640569395	0.0498220640569395	0.099644128113879	0.0498220640569395	0.060498220640569395	0.017793594306049824	0.05338078291814947
P29466	0.0594059405940594	0.0297029702970297	0.0594059405940594	0.07673267326732673	0.04207920792079208	0.0594059405940594	0.019801980198019802	0.06683168316831684	0.06683168316831684	0.07920792079207921	0.03712871287128713	0.039603960396039604	0.04455445544554455	0.04207920792079208	0.04950495049504951	0.08168316831683169	0.06435643564356436	0.05693069306930693	0.007425742574257425	0.017326732673267328
Q03135	0.056179775280898875	0.016853932584269662	0.06179775280898876	0.06179775280898876	0.06179775280898876	0.05056179775280899	0.033707865168539325	0.10674157303370786	0.06741573033707865	0.07303370786516854	0.016853932584269662	0.03932584269662921	0.03932584269662921	0.02247191011235955	0.028089887640449437	0.06179775280898876	0.0449438202247191	0.08426966292134831	0.02247191011235955	0.05056179775280899
Q12933	0.07984031936127745	0.06187624750499002	0.041916167664670656	0.08183632734530938	0.03792415169660679	0.06187624750499002	0.031936127744510975	0.03792415169660679	0.06187624750499002	0.10179640718562874	0.021956087824351298	0.02594810379241517	0.0499001996007984	0.03792415169660679	0.0658682634730539	0.07385229540918163	0.03792415169660679	0.059880239520958084	0.007984031936127744	0.01996007984031936
P06241	0.05772811918063315	0.01675977653631285	0.05027932960893855	0.07635009310986965	0.037243947858473	0.0893854748603352	0.0223463687150838	0.04655493482309125	0.061452513966480445	0.0931098696461825	0.024208566108007448	0.03910614525139665	0.04655493482309125	0.040968342644320296	0.055865921787709494	0.055865921787709494	0.0670391061452514	0.0521415270018622	0.0186219739292365	0.048417132216014895
P05067	0.08181818181818182	0.023376623376623377	0.06493506493506493	0.11948051948051948	0.02727272727272727	0.04935064935064935	0.032467532467532464	0.03116883116883117	0.053246753246753244	0.07272727272727272	0.03116883116883117	0.04025974025974026	0.045454545454545456	0.046753246753246755	0.048051948051948054	0.045454545454545456	0.06493506493506493	0.08441558441558442	0.011688311688311689	0.025974025974025976
P00533	0.05950413223140496	0.049586776859504134	0.050413223140495865	0.06363636363636363	0.02975206611570248	0.07024793388429752	0.0256198347107438	0.05702479338842975	0.05454545454545454	0.09173553719008265	0.02066115702479339	0.05454545454545454	0.06198347107438017	0.04049586776859504	0.049586776859504134	0.06942148760330578	0.05289256198347107	0.05785123966942149	0.010743801652892562	0.02975206611570248
P50222	0.08223684210526316	0.01644736842105263	0.03289473684210526	0.06907894736842106	0.019736842105263157	0.0756578947368421	0.09539473684210527	0.019736842105263157	0.046052631578947366	0.08223684210526316	0.01644736842105263	0.03289473684210526	0.05921052631578947	0.06578947368421052	0.05921052631578947	0.13157894736842105	0.039473684210526314	0.02631578947368421	0.009868421052631578	0.019736842105263157
Q92673	0.05916892502258356	0.043812104787714544	0.07181571815718157	0.056910569105691054	0.04155374887082204	0.06458897922312556	0.025293586269196026	0.04652213188798555	0.045618789521228546	0.08084914182475159	0.016260162601626018	0.04968383017163505	0.04742547425474255	0.03568202348690153	0.051942186088527555	0.08807588075880758	0.05555555555555555	0.06187895212285456	0.01987353206865402	0.037488708220415536
Q9UER7	0.07567567567567568	0.01756756756756757	0.06351351351351352	0.11891891891891893	0.016216216216216217	0.05675675675675676	0.01891891891891892	0.032432432432432434	0.0472972972972973	0.0972972972972973	0.012162162162162163	0.033783783783783786	0.07567567567567568	0.04594594594594595	0.07027027027027027	0.11891891891891893	0.041891891891891894	0.03783783783783784	0.0013513513513513514	0.01756756756756757
P08887	0.07905982905982906	0.02564102564102564	0.042735042735042736	0.04700854700854701	0.03632478632478633	0.05555555555555555	0.023504273504273504	0.019230769230769232	0.03205128205128205	0.09615384615384616	0.014957264957264958	0.029914529914529916	0.09615384615384616	0.042735042735042736	0.06837606837606838	0.10897435897435898	0.06196581196581197	0.07478632478632478	0.02564102564102564	0.019230769230769232
P27348	0.09795918367346938	0.02040816326530612	0.07346938775510205	0.10612244897959183	0.024489795918367346	0.036734693877551024	0.004081632653061225	0.04897959183673469	0.07755102040816327	0.11020408163265306	0.024489795918367346	0.04897959183673469	0.0163265306122449	0.04081632653061224	0.044897959183673466	0.0653061224489796	0.0653061224489796	0.04081632653061224	0.00816326530612245	0.044897959183673466
P19793	0.06277056277056277	0.02813852813852814	0.045454545454545456	0.06060606060606061	0.0367965367965368	0.06926406926406926	0.032467532467532464	0.04329004329004329	0.05627705627705628	0.1038961038961039	0.0367965367965368	0.03896103896103896	0.07575757575757576	0.030303030303030304	0.05411255411255411	0.09740259740259741	0.05194805194805195	0.05194805194805195	0.004329004329004329	0.01948051948051948
Q07869	0.06623931623931624	0.0405982905982906	0.057692307692307696	0.07264957264957266	0.04700854700854701	0.05982905982905983	0.027777777777777776	0.06196581196581197	0.07051282051282051	0.10042735042735043	0.03205128205128205	0.0405982905982906	0.042735042735042736	0.03418803418803419	0.0405982905982906	0.07905982905982906	0.038461538461538464	0.057692307692307696	0.0	0.029914529914529916
P17302	0.06806282722513089	0.02356020942408377	0.04712041884816754	0.04712041884816754	0.0549738219895288	0.060209424083769635	0.020942408376963352	0.05759162303664921	0.07329842931937172	0.08900523560209424	0.01832460732984293	0.041884816753926704	0.049738219895287955	0.04712041884816754	0.04450261780104712	0.0968586387434555	0.034031413612565446	0.06806282722513089	0.015706806282722512	0.041884816753926704
P08581	0.0460431654676259	0.029496402877697843	0.046762589928057555	0.051798561151079135	0.050359712230215826	0.05755395683453238	0.033093525179856115	0.05971223021582734	0.05611510791366906	0.09640287769784173	0.02158273381294964	0.05755395683453238	0.051798561151079135	0.03597122302158273	0.04028776978417266	0.0856115107913669	0.06330935251798561	0.0776978417266187	0.007913669064748202	0.03093525179856115
Q9Y5K6	0.04538341158059468	0.006259780907668232	0.054773082942097026	0.11424100156494522	0.0297339593114241	0.057902973395931145	0.014084507042253521	0.054773082942097026	0.12050078247261346	0.0892018779342723	0.00782472613458529	0.03912363067292645	0.08607198748043818	0.023474178403755867	0.03912363067292645	0.07668231611893583	0.06259780907668232	0.053208137715179966	0.00782472613458529	0.017214397496087636
O14964	0.10296010296010295	0.01287001287001287	0.028314028314028315	0.08365508365508366	0.021879021879021878	0.05019305019305019	0.018018018018018018	0.02702702702702703	0.0489060489060489	0.07722007722007722	0.03474903474903475	0.03088803088803089	0.09395109395109395	0.10296010296010295	0.0489060489060489	0.08494208494208494	0.04247104247104247	0.04633204633204633	0.005148005148005148	0.03861003861003861
P60842	0.06157635467980296	0.009852216748768473	0.07142857142857142	0.07142857142857142	0.034482758620689655	0.059113300492610835	0.012315270935960592	0.08374384236453201	0.04926108374384237	0.08866995073891626	0.04187192118226601	0.03940886699507389	0.029556650246305417	0.05172413793103448	0.07142857142857142	0.05665024630541872	0.06157635467980296	0.06896551724137931	0.007389162561576354	0.029556650246305417
Q14240	0.05896805896805897	0.009828009828009828	0.06633906633906633	0.07862407862407862	0.03931203931203931	0.06633906633906633	0.014742014742014743	0.085995085995086	0.05405405405405406	0.08845208845208845	0.036855036855036855	0.04176904176904177	0.029484029484029485	0.04914004914004914	0.06633906633906633	0.03931203931203931	0.06633906633906633	0.0687960687960688	0.009828009828009828	0.029484029484029485
P05412	0.09969788519637462	0.00906344410876133	0.021148036253776436	0.0634441087613293	0.027190332326283987	0.06646525679758308	0.02416918429003021	0.02416918429003021	0.054380664652567974	0.10574018126888217	0.03323262839879154	0.04833836858006042	0.09063444108761329	0.07854984894259819	0.04229607250755287	0.09063444108761329	0.05740181268882175	0.04833836858006042	0.0	0.015105740181268883
Q9UBU9	0.0630048465266559	0.014539579967689823	0.06785137318255251	0.05977382875605816	0.0420032310177706	0.05331179321486268	0.017770597738287562	0.050080775444264945	0.05977382875605816	0.09854604200323101	0.01615508885298869	0.05331179321486268	0.05815831987075929	0.0420032310177706	0.0791599353796446	0.09046849757673667	0.046849757673667204	0.046849757673667204	0.011308562197092083	0.029079159935379646
P52948	0.06604292790313704	0.01100715465052284	0.04402861860209136	0.05778756191524491	0.04623004953219593	0.08475509080902587	0.024215740231150248	0.033571821684094665	0.04733076499724821	0.10346725371491469	0.015960374243258118	0.04733076499724821	0.06219042377545404	0.048431480462300495	0.040176114474408366	0.10181618051733626	0.089157952669235	0.04402861860209136	0.012107870115575124	0.020363236103467255
O15350	0.0660377358490566	0.01729559748427673	0.04245283018867924	0.05345911949685535	0.029874213836477988	0.0770440251572327	0.03773584905660377	0.03773584905660377	0.036163522012578615	0.07389937106918239	0.031446540880503145	0.03930817610062893	0.09119496855345911	0.06132075471698113	0.050314465408805034	0.09748427672955975	0.06132075471698113	0.05817610062893082	0.006289308176100629	0.031446540880503145
P38936	0.054878048780487805	0.03048780487804878	0.06707317073170732	0.07317073170731707	0.036585365853658534	0.12195121951219512	0.012195121951219513	0.012195121951219513	0.036585365853658534	0.09146341463414634	0.018292682926829267	0.012195121951219513	0.07926829268292683	0.042682926829268296	0.12195121951219512	0.07926829268292683	0.04878048780487805	0.036585365853658534	0.012195121951219513	0.012195121951219513
O15553	0.07042253521126761	0.02176696542893726	0.03969270166453265	0.08706786171574904	0.026888604353393086	0.07810499359795134	0.024327784891165175	0.03969270166453265	0.06274007682458387	0.09090909090909091	0.011523687580025609	0.024327784891165175	0.07682458386683738	0.058898847631242	0.07042253521126761	0.08578745198463508	0.046094750320102434	0.052496798975672214	0.0076824583866837385	0.024327784891165175
