#	A	C	D	E	F	G	H	I	K	L	M	N	P	Q	R	S	T	V	W	Y
O43426	0.06993006993006994	0.012714558169103624	0.0508582326764145	0.05912269548633185	0.04895104895104895	0.062301335028607754	0.01652892561983471	0.04132231404958678	0.05467260012714558	0.09281627463445645	0.01652892561983471	0.03877940241576605	0.08391608391608392	0.04831532104259377	0.05467260012714558	0.10616656071201526	0.05530832803560076	0.05848696757787667	0.012078830260648443	0.01652892561983471
Q99961	0.057065217391304345	0.010869565217391304	0.06793478260869565	0.10597826086956522	0.035326086956521736	0.06521739130434782	0.016304347826086956	0.035326086956521736	0.09239130434782608	0.10597826086956522	0.024456521739130436	0.029891304347826088	0.059782608695652176	0.05434782608695652	0.051630434782608696	0.07336956521739131	0.035326086956521736	0.051630434782608696	0.002717391304347826	0.024456521739130436
Q99961	0.057065217391304345	0.010869565217391304	0.06793478260869565	0.10597826086956522	0.035326086956521736	0.06521739130434782	0.016304347826086956	0.035326086956521736	0.09239130434782608	0.10597826086956522	0.024456521739130436	0.029891304347826088	0.059782608695652176	0.05434782608695652	0.051630434782608696	0.07336956521739131	0.035326086956521736	0.051630434782608696	0.002717391304347826	0.024456521739130436
Q14192	0.035842293906810034	0.12544802867383512	0.05734767025089606	0.06810035842293907	0.05734767025089606	0.05734767025089606	0.035842293906810034	0.03942652329749104	0.08960573476702509	0.053763440860215055	0.014336917562724014	0.035842293906810034	0.03942652329749104	0.04659498207885305	0.04659498207885305	0.05734767025089606	0.05734767025089606	0.02867383512544803	0.014336917562724014	0.03942652329749104
Q92558	0.06976744186046512	0.008944543828264758	0.04830053667262969	0.07513416815742398	0.023255813953488372	0.03220035778175313	0.03220035778175313	0.04293381037567084	0.04293381037567084	0.09123434704830054	0.014311270125223614	0.023255813953488372	0.1771019677996422	0.046511627906976744	0.0626118067978533	0.07871198568872988	0.0518783542039356	0.059033989266547404	0.005366726296958855	0.014311270125223614
Q9Y4J8	0.06998654104979811	0.018842530282637954	0.04576043068640646	0.0740242261103634	0.03230148048452221	0.040376850605652756	0.02826379542395693	0.03633916554508748	0.04441453566621804	0.11036339165545088	0.03230148048452221	0.04845222072678331	0.05787348586810229	0.06594885598923284	0.06729475100942127	0.09959623149394348	0.04845222072678331	0.04845222072678331	0.006729475100942127	0.024226110363391656
Q14118	0.07150837988826815	0.0067039106145251395	0.05027932960893855	0.053631284916201116	0.02346368715083799	0.055865921787709494	0.02569832402234637	0.05251396648044693	0.05251396648044693	0.07374301675977654	0.021229050279329607	0.026815642458100558	0.1217877094972067	0.030167597765363128	0.05810055865921788	0.07597765363128492	0.09162011173184358	0.08156424581005586	0.01005586592178771	0.01675977653631285
Q03692	0.052941176470588235	0.0014705882352941176	0.01764705882352941	0.03235294117647059	0.022058823529411766	0.25735294117647056	0.014705882352941176	0.039705882352941174	0.051470588235294115	0.051470588235294115	0.016176470588235296	0.020588235294117647	0.21323529411764705	0.033823529411764704	0.027941176470588237	0.039705882352941174	0.03529411764705882	0.03823529411764706	0.0029411764705882353	0.030882352941176472
P30101	0.0891089108910891	0.013861386138613862	0.06732673267326733	0.08514851485148515	0.05742574257425743	0.061386138613861385	0.01782178217821782	0.047524752475247525	0.09504950495049505	0.08118811881188119	0.015841584158415842	0.055445544554455446	0.04950495049504951	0.01782178217821782	0.04554455445544554	0.05742574257425743	0.041584158415841586	0.05742574257425743	0.005940594059405941	0.03762376237623762
O60563	0.06611570247933884	0.009641873278236915	0.03994490358126722	0.06060606060606061	0.027548209366391185	0.04269972451790634	0.05371900826446281	0.03305785123966942	0.07162534435261708	0.08539944903581267	0.02203856749311295	0.0440771349862259	0.07162534435261708	0.05234159779614325	0.04132231404958678	0.12396694214876033	0.07300275482093664	0.049586776859504134	0.011019283746556474	0.02066115702479339
P52294	0.07806691449814127	0.024163568773234202	0.046468401486988845	0.08736059479553904	0.03717472118959108	0.05018587360594796	0.00929368029739777	0.07063197026022305	0.05204460966542751	0.10594795539033457	0.022304832713754646	0.05390334572490706	0.04275092936802974	0.06319702602230483	0.046468401486988845	0.07063197026022305	0.048327137546468404	0.05947955390334572	0.013011152416356878	0.01858736059479554
P49810	0.060267857142857144	0.020089285714285716	0.03794642857142857	0.08035714285714286	0.046875	0.06696428571428571	0.008928571428571428	0.05803571428571429	0.033482142857142856	0.12946428571428573	0.04017857142857143	0.022321428571428572	0.0625	0.026785714285714284	0.029017857142857144	0.06473214285714286	0.060267857142857144	0.08482142857142858	0.017857142857142856	0.049107142857142856
Q14192	0.035842293906810034	0.12544802867383512	0.05734767025089606	0.06810035842293907	0.05734767025089606	0.05734767025089606	0.035842293906810034	0.03942652329749104	0.08960573476702509	0.053763440860215055	0.014336917562724014	0.035842293906810034	0.03942652329749104	0.04659498207885305	0.04659498207885305	0.05734767025089606	0.05734767025089606	0.02867383512544803	0.014336917562724014	0.03942652329749104
Q9GZV5	0.065	0.0075	0.0475	0.0525	0.0275	0.0575	0.035	0.0225	0.02	0.0925	0.045	0.0575	0.11	0.095	0.0475	0.09	0.07	0.0375	0.01	0.01
P38398	0.04508856682769726	0.023617820719269995	0.045625335480407946	0.10628019323671498	0.026301663982823402	0.04669887278582931	0.026301663982823402	0.041331186258722494	0.07353730542136339	0.08373590982286634	0.01610305958132045	0.06494900697799248	0.05152979066022544	0.05206655931293613	0.04079441760601181	0.1202361782071927	0.05958132045088567	0.05421363392377885	0.005367686527106817	0.016639828234031134
P29067	0.04878048780487805	0.024390243902439025	0.08780487804878048	0.04878048780487805	0.05121951219512195	0.046341463414634146	0.02926829268292683	0.03902439024390244	0.07560975609756097	0.0975609756097561	0.012195121951219513	0.03170731707317073	0.07560975609756097	0.036585365853658534	0.06341463414634146	0.05853658536585366	0.05853658536585366	0.08780487804878048	0.0	0.026829268292682926
P63103	0.10204081632653061	0.012244897959183673	0.061224489795918366	0.12244897959183673	0.024489795918367346	0.044897959183673466	0.004081632653061225	0.04081632653061224	0.08163265306122448	0.09795918367346938	0.02857142857142857	0.04081632653061224	0.0163265306122449	0.05714285714285714	0.044897959183673466	0.07755102040816327	0.04081632653061224	0.04897959183673469	0.00816326530612245	0.044897959183673466
P42566	0.07254464285714286	0.012276785714285714	0.07700892857142858	0.09263392857142858	0.046875	0.04241071428571429	0.013392857142857142	0.036830357142857144	0.06696428571428571	0.09933035714285714	0.012276785714285714	0.04575892857142857	0.07142857142857142	0.05022321428571429	0.027901785714285716	0.10825892857142858	0.05133928571428571	0.0546875	0.0078125	0.010044642857142858
P42566	0.07254464285714286	0.012276785714285714	0.07700892857142858	0.09263392857142858	0.046875	0.04241071428571429	0.013392857142857142	0.036830357142857144	0.06696428571428571	0.09933035714285714	0.012276785714285714	0.04575892857142857	0.07142857142857142	0.05022321428571429	0.027901785714285716	0.10825892857142858	0.05133928571428571	0.0546875	0.0078125	0.010044642857142858
P49810	0.060267857142857144	0.020089285714285716	0.03794642857142857	0.08035714285714286	0.046875	0.06696428571428571	0.008928571428571428	0.05803571428571429	0.033482142857142856	0.12946428571428573	0.04017857142857143	0.022321428571428572	0.0625	0.026785714285714284	0.029017857142857144	0.06473214285714286	0.060267857142857144	0.08482142857142858	0.017857142857142856	0.049107142857142856
P21333	0.07177937287495277	0.018133736305251228	0.055534567434831886	0.06044578768417076	0.02871174914998111	0.11446921042689838	0.02455610124669437	0.0426898375519456	0.06044578768417076	0.05289006422364941	0.01095579901775595	0.029467321496033247	0.07933509633547413	0.03551190026445032	0.03513411409142425	0.06989044200982245	0.06611258027956177	0.10540234227427277	0.006422364941443143	0.032111824707215714
P49810	0.060267857142857144	0.020089285714285716	0.03794642857142857	0.08035714285714286	0.046875	0.06696428571428571	0.008928571428571428	0.05803571428571429	0.033482142857142856	0.12946428571428573	0.04017857142857143	0.022321428571428572	0.0625	0.026785714285714284	0.029017857142857144	0.06473214285714286	0.060267857142857144	0.08482142857142858	0.017857142857142856	0.049107142857142856
P49768	0.07708779443254818	0.010706638115631691	0.04068522483940043	0.06852248394004283	0.04925053533190578	0.04925053533190578	0.021413276231263382	0.06638115631691649	0.034261241970021415	0.11991434689507495	0.027837259100642397	0.03640256959314775	0.04068522483940043	0.04068522483940043	0.042826552462526764	0.0728051391862955	0.055674518201284794	0.08779443254817987	0.017130620985010708	0.04068522483940043
P49810	0.060267857142857144	0.020089285714285716	0.03794642857142857	0.08035714285714286	0.046875	0.06696428571428571	0.008928571428571428	0.05803571428571429	0.033482142857142856	0.12946428571428573	0.04017857142857143	0.022321428571428572	0.0625	0.026785714285714284	0.029017857142857144	0.06473214285714286	0.060267857142857144	0.08482142857142858	0.017857142857142856	0.049107142857142856
P49768	0.07708779443254818	0.010706638115631691	0.04068522483940043	0.06852248394004283	0.04925053533190578	0.04925053533190578	0.021413276231263382	0.06638115631691649	0.034261241970021415	0.11991434689507495	0.027837259100642397	0.03640256959314775	0.04068522483940043	0.04068522483940043	0.042826552462526764	0.0728051391862955	0.055674518201284794	0.08779443254817987	0.017130620985010708	0.04068522483940043
P38398	0.04508856682769726	0.023617820719269995	0.045625335480407946	0.10628019323671498	0.026301663982823402	0.04669887278582931	0.026301663982823402	0.041331186258722494	0.07353730542136339	0.08373590982286634	0.01610305958132045	0.06494900697799248	0.05152979066022544	0.05206655931293613	0.04079441760601181	0.1202361782071927	0.05958132045088567	0.05421363392377885	0.005367686527106817	0.016639828234031134
Q9UBN4	0.06550665301944729	0.015353121801432957	0.044012282497441144	0.0736949846468782	0.0511770726714432	0.03991811668372569	0.022517911975435005	0.06755373592630501	0.06345957011258956	0.1218014329580348	0.016376663254861822	0.05322415557830092	0.04094165813715456	0.038894575230296824	0.05629477993858751	0.08085977482088025	0.03991811668372569	0.05834186284544524	0.01842374616171955	0.03172978505629478
P23708	0.08670520231213873	0.0	0.011560693641618497	0.046242774566473986	0.005780346820809248	0.1069364161849711	0.014450867052023121	0.06647398843930635	0.02601156069364162	0.04335260115606936	0.03468208092485549	0.02601156069364162	0.057803468208092484	0.18497109826589594	0.03757225433526012	0.05202312138728324	0.08092485549132948	0.10404624277456648	0.0	0.014450867052023121
P29350	0.05042016806722689	0.011764705882352941	0.052100840336134456	0.07563025210084033	0.02857142857142857	0.08067226890756303	0.030252100840336135	0.052100840336134456	0.07226890756302522	0.07899159663865546	0.018487394957983194	0.043697478991596636	0.040336134453781515	0.06386554621848739	0.05714285714285714	0.06722689075630252	0.05714285714285714	0.06218487394957983	0.015126050420168067	0.04201680672268908
Q9Z2V6	0.07097933513027853	0.014375561545372867	0.030548068283917342	0.08355795148247978	0.022461814914645103	0.08265947888589398	0.034141958670260555	0.028751123090745734	0.04582210242587601	0.1096136567834681	0.020664869721473494	0.0215633423180593	0.07277628032345014	0.0862533692722372	0.0440251572327044	0.09074573225516622	0.05929919137466307	0.06199460916442048	0.006289308176100629	0.013477088948787063
Q9Z2V6	0.07097933513027853	0.014375561545372867	0.030548068283917342	0.08355795148247978	0.022461814914645103	0.08265947888589398	0.034141958670260555	0.028751123090745734	0.04582210242587601	0.1096136567834681	0.020664869721473494	0.0215633423180593	0.07277628032345014	0.0862533692722372	0.0440251572327044	0.09074573225516622	0.05929919137466307	0.06199460916442048	0.006289308176100629	0.013477088948787063
Q13541	0.03389830508474576	0.01694915254237288	0.059322033898305086	0.059322033898305086	0.025423728813559324	0.1016949152542373	0.00847457627118644	0.0423728813559322	0.025423728813559324	0.05084745762711865	0.03389830508474576	0.01694915254237288	0.1271186440677966	0.03389830508474576	0.07627118644067797	0.1271186440677966	0.1016949152542373	0.0423728813559322	0.0	0.01694915254237288
P06400	0.04741379310344827	0.016163793103448277	0.04849137931034483	0.07866379310344827	0.04202586206896552	0.03125	0.018318965517241378	0.06465517241379311	0.08189655172413793	0.10883620689655173	0.03017241379310345	0.04849137931034483	0.06465517241379311	0.03771551724137931	0.04956896551724138	0.08512931034482758	0.059267241379310345	0.04956896551724138	0.007543103448275862	0.03017241379310345
O43426	0.06993006993006994	0.012714558169103624	0.0508582326764145	0.05912269548633185	0.04895104895104895	0.062301335028607754	0.01652892561983471	0.04132231404958678	0.05467260012714558	0.09281627463445645	0.01652892561983471	0.03877940241576605	0.08391608391608392	0.04831532104259377	0.05467260012714558	0.10616656071201526	0.05530832803560076	0.05848696757787667	0.012078830260648443	0.01652892561983471
P06400	0.04741379310344827	0.016163793103448277	0.04849137931034483	0.07866379310344827	0.04202586206896552	0.03125	0.018318965517241378	0.06465517241379311	0.08189655172413793	0.10883620689655173	0.03017241379310345	0.04849137931034483	0.06465517241379311	0.03771551724137931	0.04956896551724138	0.08512931034482758	0.059267241379310345	0.04956896551724138	0.007543103448275862	0.03017241379310345
P42858	0.07511139401654997	0.022278803309993635	0.044239338001273075	0.06460852959898154	0.030235518777848504	0.044239338001273075	0.028325907065563337	0.04742202418841502	0.03946530872056015	0.13303628262253342	0.021005728835136857	0.02864417568427753	0.05983450031826862	0.05728835136855506	0.049013367281986	0.09739019732654361	0.05410566518141311	0.07383831954169319	0.010184595798854232	0.019732654360280075
P55210	0.0594059405940594	0.036303630363036306	0.0891089108910891	0.0627062706270627	0.056105610561056105	0.0594059405940594	0.0231023102310231	0.056105610561056105	0.08250825082508251	0.066006600660066	0.0231023102310231	0.0462046204620462	0.039603960396039604	0.036303630363036306	0.04950495049504951	0.06930693069306931	0.04950495049504951	0.0594059405940594	0.006600660066006601	0.0297029702970297
P42574	0.04332129963898917	0.02888086642599278	0.07220216606498195	0.07220216606498195	0.05415162454873646	0.05776173285198556	0.02888086642599278	0.06859205776173286	0.07942238267148015	0.07220216606498195	0.036101083032490974	0.05415162454873646	0.02527075812274368	0.01444043321299639	0.05054151624548736	0.09386281588447654	0.05776173285198556	0.04693140794223827	0.007220216606498195	0.036101083032490974
Q61097	0.06872852233676977	0.020618556701030927	0.053837342497136315	0.06300114547537228	0.033218785796105384	0.06872852233676977	0.0286368843069874	0.04009163802978236	0.0572737686139748	0.09621993127147767	0.022909507445589918	0.026345933562428408	0.07445589919816724	0.042382588774341354	0.07331042382588775	0.10080183276059565	0.05154639175257732	0.050400916380297825	0.016036655211912942	0.011454753722794959
Q61097	0.06872852233676977	0.020618556701030927	0.053837342497136315	0.06300114547537228	0.033218785796105384	0.06872852233676977	0.0286368843069874	0.04009163802978236	0.0572737686139748	0.09621993127147767	0.022909507445589918	0.026345933562428408	0.07445589919816724	0.042382588774341354	0.07331042382588775	0.10080183276059565	0.05154639175257732	0.050400916380297825	0.016036655211912942	0.011454753722794959
P55210	0.0594059405940594	0.036303630363036306	0.0891089108910891	0.0627062706270627	0.056105610561056105	0.0594059405940594	0.0231023102310231	0.056105610561056105	0.08250825082508251	0.066006600660066	0.0231023102310231	0.0462046204620462	0.039603960396039604	0.036303630363036306	0.04950495049504951	0.06930693069306931	0.04950495049504951	0.0594059405940594	0.006600660066006601	0.0297029702970297
P42858	0.07511139401654997	0.022278803309993635	0.044239338001273075	0.06460852959898154	0.030235518777848504	0.044239338001273075	0.028325907065563337	0.04742202418841502	0.03946530872056015	0.13303628262253342	0.021005728835136857	0.02864417568427753	0.05983450031826862	0.05728835136855506	0.049013367281986	0.09739019732654361	0.05410566518141311	0.07383831954169319	0.010184595798854232	0.019732654360280075
P04637	0.061068702290076333	0.02544529262086514	0.05089058524173028	0.07633587786259542	0.027989821882951654	0.058524173027989825	0.030534351145038167	0.020356234096692113	0.05089058524173028	0.08142493638676845	0.030534351145038167	0.035623409669211195	0.11450381679389313	0.03816793893129771	0.06615776081424936	0.09669211195928754	0.05597964376590331	0.04580152671755725	0.010178117048346057	0.022900763358778626
P42858	0.07511139401654997	0.022278803309993635	0.044239338001273075	0.06460852959898154	0.030235518777848504	0.044239338001273075	0.028325907065563337	0.04742202418841502	0.03946530872056015	0.13303628262253342	0.021005728835136857	0.02864417568427753	0.05983450031826862	0.05728835136855506	0.049013367281986	0.09739019732654361	0.05410566518141311	0.07383831954169319	0.010184595798854232	0.019732654360280075
Q24158	0.08185840707964602	0.024336283185840708	0.05530973451327434	0.059734513274336286	0.033185840707964605	0.01991150442477876	0.03761061946902655	0.05752212389380531	0.05088495575221239	0.09955752212389381	0.030973451327433628	0.03982300884955752	0.07964601769911504	0.061946902654867256	0.04424778761061947	0.09292035398230089	0.046460176991150445	0.048672566371681415	0.008849557522123894	0.02654867256637168
Q24152	0.013513513513513514	0.0	0.05405405405405406	0.08108108108108109	0.02702702702702703	0.02702702702702703	0.06756756756756757	0.06756756756756757	0.0945945945945946	0.06756756756756757	0.05405405405405406	0.0	0.06756756756756757	0.04054054054054054	0.06756756756756757	0.05405405405405406	0.04054054054054054	0.06756756756756757	0.02702702702702703	0.08108108108108109
Q9UJY4	0.0799347471451876	0.01468189233278956	0.04730831973898858	0.06035889070146819	0.02936378466557912	0.053833605220228384	0.01631321370309951	0.03425774877650897	0.0636215334420881	0.11092985318107668	0.02773246329526917	0.03588907014681892	0.09787928221859707	0.057096247960848286	0.03588907014681892	0.08482871125611746	0.040783034257748776	0.07830342577487764	0.01631321370309951	0.01468189233278956
O14818	0.08870967741935484	0.012096774193548387	0.06048387096774194	0.08870967741935484	0.028225806451612902	0.06048387096774194	0.012096774193548387	0.06854838709677419	0.08870967741935484	0.06854838709677419	0.012096774193548387	0.03225806451612903	0.024193548387096774	0.04032258064516129	0.07258064516129033	0.05241935483870968	0.056451612903225805	0.09274193548387097	0.004032258064516129	0.036290322580645164
P10275	0.08804347826086957	0.029347826086956522	0.04021739130434782	0.059782608695652176	0.030434782608695653	0.10434782608695652	0.020652173913043477	0.025	0.043478260869565216	0.09456521739130434	0.02391304347826087	0.021739130434782608	0.08043478260869565	0.07717391304347826	0.04456521739130435	0.08804347826086957	0.04021739130434782	0.043478260869565216	0.008695652173913044	0.035869565217391305
O14727	0.052083333333333336	0.032852564102564104	0.06891025641025642	0.0625	0.04006410256410257	0.05128205128205128	0.038461538461538464	0.052884615384615384	0.07131410256410256	0.11137820512820513	0.020833333333333332	0.041666666666666664	0.02403846153846154	0.046474358974358976	0.03766025641025641	0.08173076923076923	0.05048076923076923	0.06971153846153846	0.020833333333333332	0.024839743589743588
P00523	0.06566604127579738	0.016885553470919325	0.043151969981238276	0.075046904315197	0.039399624765478425	0.075046904315197	0.01876172607879925	0.0300187617260788	0.058161350844277676	0.09193245778611632	0.0225140712945591	0.03189493433395872	0.06191369606003752	0.043151969981238276	0.06191369606003752	0.06941838649155722	0.07879924953095685	0.05628517823639775	0.016885553470919325	0.043151969981238276
Q9UHI6	0.07281553398058252	0.01699029126213592	0.044902912621359224	0.0703883495145631	0.025485436893203883	0.050970873786407765	0.02912621359223301	0.05461165048543689	0.05461165048543689	0.09344660194174757	0.023058252427184466	0.04247572815533981	0.05946601941747573	0.06067961165048544	0.05339805825242718	0.0970873786407767	0.04854368932038835	0.05703883495145631	0.009708737864077669	0.03519417475728155
Q9Y4J8	0.06998654104979811	0.018842530282637954	0.04576043068640646	0.0740242261103634	0.03230148048452221	0.040376850605652756	0.02826379542395693	0.03633916554508748	0.04441453566621804	0.11036339165545088	0.03230148048452221	0.04845222072678331	0.05787348586810229	0.06594885598923284	0.06729475100942127	0.09959623149394348	0.04845222072678331	0.04845222072678331	0.006729475100942127	0.024226110363391656
P63104	0.10204081632653061	0.012244897959183673	0.061224489795918366	0.12244897959183673	0.024489795918367346	0.044897959183673466	0.004081632653061225	0.04081632653061224	0.08163265306122448	0.09795918367346938	0.02857142857142857	0.04081632653061224	0.0163265306122449	0.05714285714285714	0.044897959183673466	0.07755102040816327	0.04081632653061224	0.04897959183673469	0.00816326530612245	0.044897959183673466
O15151	0.053061224489795916	0.036734693877551024	0.08571428571428572	0.07959183673469387	0.024489795918367346	0.04693877551020408	0.022448979591836733	0.044897959183673466	0.0653061224489796	0.09183673469387756	0.018367346938775512	0.036734693877551024	0.03877551020408163	0.053061224489795916	0.044897959183673466	0.1	0.07142857142857142	0.053061224489795916	0.014285714285714285	0.018367346938775512
P84080	0.06629834254143646	0.0055248618784530384	0.06077348066298342	0.06629834254143646	0.04419889502762431	0.07734806629834254	0.016574585635359115	0.06077348066298342	0.06077348066298342	0.12154696132596685	0.03314917127071823	0.0718232044198895	0.016574585635359115	0.03867403314917127	0.06077348066298342	0.027624309392265192	0.06077348066298342	0.06077348066298342	0.022099447513812154	0.027624309392265192
P84080	0.06629834254143646	0.0055248618784530384	0.06077348066298342	0.06629834254143646	0.04419889502762431	0.07734806629834254	0.016574585635359115	0.06077348066298342	0.06077348066298342	0.12154696132596685	0.03314917127071823	0.0718232044198895	0.016574585635359115	0.03867403314917127	0.06077348066298342	0.027624309392265192	0.06077348066298342	0.06077348066298342	0.022099447513812154	0.027624309392265192
Q9UJY4	0.0799347471451876	0.01468189233278956	0.04730831973898858	0.06035889070146819	0.02936378466557912	0.053833605220228384	0.01631321370309951	0.03425774877650897	0.0636215334420881	0.11092985318107668	0.02773246329526917	0.03588907014681892	0.09787928221859707	0.057096247960848286	0.03588907014681892	0.08482871125611746	0.040783034257748776	0.07830342577487764	0.01631321370309951	0.01468189233278956
Q9Y6K9	0.10023866348448687	0.026252983293556086	0.03579952267303103	0.13842482100238662	0.014319809069212411	0.026252983293556086	0.02386634844868735	0.021479713603818614	0.07159904534606205	0.11694510739856802	0.028639618138424822	0.00954653937947494	0.045346062052505964	0.1288782816229117	0.07398568019093078	0.06205250596658711	0.011933174224343675	0.0477326968973747	0.002386634844868735	0.014319809069212411
P55211	0.057692307692307696	0.03125	0.06490384615384616	0.06490384615384616	0.052884615384615384	0.07451923076923077	0.019230769230769232	0.04567307692307692	0.040865384615384616	0.11778846153846154	0.016826923076923076	0.028846153846153848	0.057692307692307696	0.04567307692307692	0.07211538461538461	0.08413461538461539	0.04326923076923077	0.06009615384615385	0.009615384615384616	0.01201923076923077
Q00987	0.03054989816700611	0.038696537678207736	0.07331975560081466	0.11405295315682282	0.02240325865580448	0.04276985743380855	0.018329938900203666	0.04073319755600815	0.06313645621181263	0.07331975560081466	0.016293279022403257	0.03665987780040733	0.04684317718940937	0.054989816700611	0.04276985743380855	0.13441955193482688	0.05091649694501019	0.06313645621181263	0.008146639511201629	0.028513238289205704
Q15628	0.125	0.019230769230769232	0.04807692307692308	0.08012820512820513	0.02564102564102564	0.07371794871794872	0.01282051282051282	0.009615384615384616	0.02564102564102564	0.15705128205128205	0.00641025641025641	0.016025641025641024	0.0673076923076923	0.07692307692307693	0.09294871794871795	0.060897435897435896	0.016025641025641024	0.057692307692307696	0.00641025641025641	0.022435897435897436
Q12933	0.07984031936127745	0.06187624750499002	0.041916167664670656	0.08183632734530938	0.03792415169660679	0.06187624750499002	0.031936127744510975	0.03792415169660679	0.06187624750499002	0.10179640718562874	0.021956087824351298	0.02594810379241517	0.0499001996007984	0.03792415169660679	0.0658682634730539	0.07385229540918163	0.03792415169660679	0.059880239520958084	0.007984031936127744	0.01996007984031936
Q07813	0.06770833333333333	0.010416666666666666	0.0625	0.0625	0.057291666666666664	0.09895833333333333	0.0	0.046875	0.041666666666666664	0.11458333333333333	0.041666666666666664	0.015625	0.036458333333333336	0.052083333333333336	0.057291666666666664	0.057291666666666664	0.078125	0.057291666666666664	0.03125	0.010416666666666666
P49427	0.05084745762711865	0.012711864406779662	0.08898305084745763	0.1016949152542373	0.038135593220338986	0.0635593220338983	0.00847457627118644	0.038135593220338986	0.059322033898305086	0.08050847457627118	0.012711864406779662	0.03389830508474576	0.0847457627118644	0.0211864406779661	0.0423728813559322	0.0635593220338983	0.05508474576271186	0.07203389830508475	0.01694915254237288	0.05508474576271186
Q92851	0.061420345489443376	0.023032629558541268	0.04222648752399232	0.08253358925143954	0.04222648752399232	0.044145873320537425	0.028790786948176585	0.04990403071017274	0.07293666026871401	0.11708253358925144	0.02111324376199616	0.046065259117082535	0.044145873320537425	0.04990403071017274	0.04990403071017274	0.08637236084452975	0.04990403071017274	0.05950095969289827	0.011516314779270634	0.01727447216890595
Q14790	0.031315240083507306	0.027139874739039668	0.07306889352818371	0.09394572025052192	0.04175365344467641	0.04592901878914405	0.014613778705636743	0.0709812108559499	0.0709812108559499	0.11482254697286012	0.031315240083507306	0.04175365344467641	0.04175365344467641	0.054279749478079335	0.054279749478079335	0.07724425887265135	0.04384133611691023	0.031315240083507306	0.0020876826722338203	0.037578288100208766
Q9NP97	0.041666666666666664	0.0	0.0625	0.0625	0.03125	0.03125	0.010416666666666666	0.10416666666666667	0.07291666666666667	0.07291666666666667	0.041666666666666664	0.052083333333333336	0.052083333333333336	0.0625	0.052083333333333336	0.0625	0.09375	0.07291666666666667	0.0	0.020833333333333332
P27986	0.052486187845303865	0.008287292817679558	0.058011049723756904	0.0925414364640884	0.026243093922651933	0.04419889502762431	0.020718232044198894	0.052486187845303865	0.07596685082872928	0.10497237569060773	0.015193370165745856	0.052486187845303865	0.052486187845303865	0.05110497237569061	0.058011049723756904	0.07044198895027624	0.05110497237569061	0.05110497237569061	0.011049723756906077	0.05110497237569061
P60953	0.05759162303664921	0.031413612565445025	0.05759162303664921	0.06806282722513089	0.041884816753926704	0.04712041884816754	0.010471204188481676	0.041884816753926704	0.08900523560209424	0.09947643979057591	0.010471204188481676	0.02617801047120419	0.07853403141361257	0.031413612565445025	0.031413612565445025	0.05235602094240838	0.08376963350785341	0.09947643979057591	0.005235602094240838	0.03664921465968586
P60953	0.05759162303664921	0.031413612565445025	0.05759162303664921	0.06806282722513089	0.041884816753926704	0.04712041884816754	0.010471204188481676	0.041884816753926704	0.08900523560209424	0.09947643979057591	0.010471204188481676	0.02617801047120419	0.07853403141361257	0.031413612565445025	0.031413612565445025	0.05235602094240838	0.08376963350785341	0.09947643979057591	0.005235602094240838	0.03664921465968586
O14763	0.075	0.04090909090909091	0.05227272727272727	0.08863636363636364	0.015909090909090907	0.07954545454545454	0.022727272727272728	0.031818181818181815	0.045454545454545456	0.09090909090909091	0.022727272727272728	0.022727272727272728	0.07272727272727272	0.04090909090909091	0.0659090909090909	0.07727272727272727	0.056818181818181816	0.075	0.011363636363636364	0.011363636363636364
O43353	0.053703703703703705	0.018518518518518517	0.046296296296296294	0.07037037037037037	0.024074074074074074	0.040740740740740744	0.040740740740740744	0.06851851851851852	0.05740740740740741	0.1111111111111111	0.025925925925925925	0.044444444444444446	0.06481481481481481	0.05	0.05185185185185185	0.1	0.044444444444444446	0.046296296296296294	0.012962962962962963	0.027777777777777776
Q12933	0.07984031936127745	0.06187624750499002	0.041916167664670656	0.08183632734530938	0.03792415169660679	0.06187624750499002	0.031936127744510975	0.03792415169660679	0.06187624750499002	0.10179640718562874	0.021956087824351298	0.02594810379241517	0.0499001996007984	0.03792415169660679	0.0658682634730539	0.07385229540918163	0.03792415169660679	0.059880239520958084	0.007984031936127744	0.01996007984031936
Q03135	0.056179775280898875	0.016853932584269662	0.06179775280898876	0.06179775280898876	0.06179775280898876	0.05056179775280899	0.033707865168539325	0.10674157303370786	0.06741573033707865	0.07303370786516854	0.016853932584269662	0.03932584269662921	0.03932584269662921	0.02247191011235955	0.028089887640449437	0.06179775280898876	0.0449438202247191	0.08426966292134831	0.02247191011235955	0.05056179775280899
P42768	0.07370517928286853	0.00796812749003984	0.055776892430278883	0.04780876494023904	0.02390438247011952	0.1254980079681275	0.017928286852589643	0.029880478087649404	0.03386454183266932	0.08964143426294821	0.013944223107569721	0.027888446215139442	0.18127490039840638	0.061752988047808766	0.061752988047808766	0.05976095617529881	0.029880478087649404	0.035856573705179286	0.00796812749003984	0.013944223107569721
Q9UQF2	0.0829817158931083	0.02109704641350211	0.06610407876230662	0.08720112517580872	0.03938115330520394	0.07735583684950774	0.029535864978902954	0.02812939521800281	0.03375527426160337	0.06751054852320675	0.012658227848101266	0.02250351617440225	0.09563994374120956	0.04219409282700422	0.05907172995780591	0.10407876230661041	0.05063291139240506	0.0450070323488045	0.005625879043600563	0.029535864978902954
P22681	0.0640176600441501	0.025386313465783666	0.05518763796909492	0.06070640176600441	0.03642384105960265	0.0673289183222958	0.024282560706401765	0.04083885209713024	0.05187637969094923	0.08830022075055188	0.025386313465783666	0.033112582781456956	0.10485651214128035	0.04194260485651214	0.05187637969094923	0.10264900662251655	0.05077262693156733	0.039735099337748346	0.011037527593818985	0.024282560706401765
P23760	0.05010438413361169	0.014613778705636743	0.037578288100208766	0.06263048016701461	0.025052192066805846	0.07515657620041753	0.029227557411273485	0.04175365344467641	0.04384133611691023	0.06889352818371608	0.022964509394572025	0.029227557411273485	0.10020876826722339	0.054279749478079335	0.0709812108559499	0.10855949895615867	0.07515657620041753	0.04801670146137787	0.008350730688935281	0.033402922755741124
Q9UJY4	0.0799347471451876	0.01468189233278956	0.04730831973898858	0.06035889070146819	0.02936378466557912	0.053833605220228384	0.01631321370309951	0.03425774877650897	0.0636215334420881	0.11092985318107668	0.02773246329526917	0.03588907014681892	0.09787928221859707	0.057096247960848286	0.03588907014681892	0.08482871125611746	0.040783034257748776	0.07830342577487764	0.01631321370309951	0.01468189233278956
P37173	0.04409171075837742	0.04409171075837742	0.0582010582010582	0.08289241622574955	0.037037037037037035	0.042328042328042326	0.029982363315696647	0.059964726631393295	0.06349206349206349	0.09700176366843033	0.02292768959435626	0.05291005291005291	0.04585537918871252	0.029982363315696647	0.04938271604938271	0.07936507936507936	0.059964726631393295	0.06172839506172839	0.01763668430335097	0.021164021164021163
P23458	0.043327556325823226	0.02772963604852686	0.05632582322357019	0.08232235701906412	0.038128249566724434	0.049393414211438474	0.029462738301559793	0.05719237435008666	0.09012131715771231	0.09705372616984402	0.029462738301559793	0.0511265164644714	0.045060658578856154	0.03552859618717504	0.049393414211438474	0.0632582322357019	0.04679376083188908	0.05632582322357019	0.012998266897746967	0.0389948006932409
Q14814	0.0671785028790787	0.007677543186180422	0.04222648752399232	0.04222648752399232	0.023032629558541268	0.0710172744721689	0.02111324376199616	0.02495201535508637	0.036468330134357005	0.1017274472168906	0.015355086372360844	0.04030710172744722	0.13051823416506717	0.08061420345489444	0.04990403071017274	0.11132437619961612	0.05950095969289827	0.05182341650671785	0.003838771593090211	0.019193857965451054
Q9NPJ4	0.05755395683453238	0.0	0.007194244604316547	0.03597122302158273	0.03597122302158273	0.06474820143884892	0.02158273381294964	0.02158273381294964	0.1079136690647482	0.05755395683453238	0.02877697841726619	0.1079136690647482	0.08633093525179857	0.10071942446043165	0.03597122302158273	0.11510791366906475	0.02158273381294964	0.050359712230215826	0.02158273381294964	0.02158273381294964
Q9Y618	0.08472553699284009	0.005171042163882259	0.03699284009546539	0.08870326173428798	0.011933174224343675	0.06881463802704853	0.03381066030230708	0.03341288782816229	0.05807478122513922	0.07557677008750995	0.01909307875894988	0.023468575974542563	0.12649164677804295	0.0477326968973747	0.066030230708035	0.09824980111376293	0.05449482895783612	0.03977724741447892	0.004375497215592681	0.023070803500397773
P12931	0.08208955223880597	0.016791044776119403	0.03917910447761194	0.07835820895522388	0.03917910447761194	0.08022388059701492	0.016791044776119403	0.029850746268656716	0.05783582089552239	0.0914179104477612	0.020522388059701493	0.033582089552238806	0.05970149253731343	0.04291044776119403	0.05970149253731343	0.06902985074626866	0.06716417910447761	0.055970149253731345	0.016791044776119403	0.04291044776119403
P22681	0.0640176600441501	0.025386313465783666	0.05518763796909492	0.06070640176600441	0.03642384105960265	0.0673289183222958	0.024282560706401765	0.04083885209713024	0.05187637969094923	0.08830022075055188	0.025386313465783666	0.033112582781456956	0.10485651214128035	0.04194260485651214	0.05187637969094923	0.10264900662251655	0.05077262693156733	0.039735099337748346	0.011037527593818985	0.024282560706401765
P22681	0.0640176600441501	0.025386313465783666	0.05518763796909492	0.06070640176600441	0.03642384105960265	0.0673289183222958	0.024282560706401765	0.04083885209713024	0.05187637969094923	0.08830022075055188	0.025386313465783666	0.033112582781456956	0.10485651214128035	0.04194260485651214	0.05187637969094923	0.10264900662251655	0.05077262693156733	0.039735099337748346	0.011037527593818985	0.024282560706401765
P0CG48	0.026277372262773723	0.0	0.06569343065693431	0.07883211678832117	0.026277372262773723	0.07883211678832117	0.013138686131386862	0.09197080291970802	0.09197080291970802	0.11824817518248175	0.013138686131386862	0.026277372262773723	0.03941605839416058	0.07883211678832117	0.052554744525547446	0.03941605839416058	0.09197080291970802	0.05401459854014599	0.0	0.013138686131386862
Q04637	0.08630393996247655	0.008130081300813009	0.043777360850531584	0.10444027517198248	0.02564102564102564	0.0675422138836773	0.011882426516572859	0.04002501563477173	0.0600375234521576	0.08692933083176986	0.020012507817385866	0.02626641651031895	0.10131332082551595	0.0525328330206379	0.06128830519074421	0.07692307692307693	0.05128205128205128	0.05065666041275797	0.0075046904315197	0.017510944340212633
Q04637	0.08630393996247655	0.008130081300813009	0.043777360850531584	0.10444027517198248	0.02564102564102564	0.0675422138836773	0.011882426516572859	0.04002501563477173	0.0600375234521576	0.08692933083176986	0.020012507817385866	0.02626641651031895	0.10131332082551595	0.0525328330206379	0.06128830519074421	0.07692307692307693	0.05128205128205128	0.05065666041275797	0.0075046904315197	0.017510944340212633
Q9NR30	0.06385696040868455	0.011494252873563218	0.04342273307790549	0.09578544061302682	0.037037037037037035	0.07918263090676884	0.020434227330779056	0.05874840357598978	0.11621966794380588	0.06002554278416347	0.01532567049808429	0.02937420178799489	0.04853128991060025	0.0561941251596424	0.05491698595146871	0.07662835249042145	0.05108556832694764	0.06002554278416347	0.006385696040868455	0.01532567049808429
Q08211	0.06771653543307087	0.01811023622047244	0.04409448818897638	0.07165354330708662	0.04015748031496063	0.09370078740157481	0.02047244094488189	0.06062992125984252	0.051181102362204724	0.08267716535433071	0.024409448818897637	0.049606299212598425	0.05669291338582677	0.04330708661417323	0.05826771653543307	0.05826771653543307	0.048031496062992125	0.06456692913385827	0.008661417322834646	0.03779527559055118
Q9UBU9	0.0630048465266559	0.014539579967689823	0.06785137318255251	0.05977382875605816	0.0420032310177706	0.05331179321486268	0.017770597738287562	0.050080775444264945	0.05977382875605816	0.09854604200323101	0.01615508885298869	0.05331179321486268	0.05815831987075929	0.0420032310177706	0.0791599353796446	0.09046849757673667	0.046849757673667204	0.046849757673667204	0.011308562197092083	0.029079159935379646
Q09472	0.06296603148301574	0.02112676056338028	0.03189726594863297	0.04183927091963546	0.018227009113504555	0.07290803645401822	0.028583264291632146	0.03106876553438277	0.04473902236951118	0.07332228666114333	0.04888152444076222	0.05095277547638774	0.11764705882352941	0.11516155758077878	0.041425020712510356	0.0807787903893952	0.05095277547638774	0.043910521955260975	0.004971002485501243	0.018641259320629662
Q61187	0.056265984654731455	0.0076726342710997444	0.05370843989769821	0.06905370843989769	0.017902813299232736	0.05115089514066496	0.01278772378516624	0.061381074168797956	0.06905370843989769	0.09718670076726342	0.03324808184143223	0.04092071611253197	0.08695652173913043	0.03324808184143223	0.04859335038363171	0.07672634271099744	0.058823529411764705	0.058823529411764705	0.0076726342710997444	0.058823529411764705
Q9ULZ3	0.1282051282051282	0.005128205128205128	0.05641025641025641	0.06666666666666667	0.02564102564102564	0.06153846153846154	0.015384615384615385	0.02564102564102564	0.05128205128205128	0.15897435897435896	0.02564102564102564	0.02564102564102564	0.046153846153846156	0.05641025641025641	0.06153846153846154	0.05128205128205128	0.05128205128205128	0.041025641025641026	0.015384615384615385	0.03076923076923077
O95782	0.09825997952917093	0.019447287615148412	0.05015353121801433	0.057318321392016376	0.038894575230296824	0.052200614124872056	0.016376663254861822	0.04708290685772774	0.05629477993858751	0.1218014329580348	0.019447287615148412	0.04605936540429888	0.062436028659160696	0.048106448311156604	0.048106448311156604	0.06960081883316274	0.042988741044012284	0.07267144319344933	0.00511770726714432	0.027635619242579325
P24864	0.07560975609756097	0.024390243902439025	0.07073170731707316	0.07073170731707316	0.03170731707317073	0.03414634146341464	0.02195121951219512	0.04878048780487805	0.06341463414634146	0.11219512195121951	0.03902439024390244	0.02926829268292683	0.06097560975609756	0.05121951219512195	0.05853658536585366	0.06585365853658537	0.036585365853658534	0.05365853658536585	0.01951219512195122	0.03170731707317073
