#	A	C	D	E	F	G	H	I	K	L	M	N	P	Q	R	S	T	V	W	Y
Q9NQX6	0.04103671706263499	0.06263498920086392	0.028077753779697623	0.08855291576673865	0.032397408207343416	0.07991360691144708	0.0734341252699784	0.04535637149028078	0.1079913606911447	0.04967602591792657	0.0064794816414686825	0.03455723542116631	0.03023758099352052	0.05183585313174946	0.06695464362850972	0.06263498920086392	0.056155507559395246	0.02591792656587473	0.012958963282937365	0.04319654427645788
Q6PIZ9	0.05913978494623656	0.016129032258064516	0.08064516129032258	0.07526881720430108	0.03225806451612903	0.043010752688172046	0.03225806451612903	0.06451612903225806	0.06451612903225806	0.07526881720430108	0.03763440860215054	0.043010752688172046	0.04838709677419355	0.04838709677419355	0.04838709677419355	0.0967741935483871	0.043010752688172046	0.043010752688172046	0.005376344086021506	0.043010752688172046
P02870	0.07636363636363637	0.0	0.04727272727272727	0.05090909090909091	0.07636363636363637	0.05454545454545454	0.01818181818181818	0.05454545454545454	0.05454545454545454	0.06181818181818182	0.007272727272727273	0.06545454545454546	0.03272727272727273	0.02909090909090909	0.01818181818181818	0.09818181818181818	0.11636363636363636	0.08727272727272728	0.01818181818181818	0.03272727272727273
P31946	0.08536585365853659	0.008130081300813009	0.056910569105691054	0.12195121951219512	0.024390243902439025	0.04065040650406504	0.008130081300813009	0.04065040650406504	0.08130081300813008	0.0975609756097561	0.032520325203252036	0.056910569105691054	0.02032520325203252	0.06097560975609756	0.04065040650406504	0.07723577235772358	0.04878048780487805	0.044715447154471545	0.008130081300813009	0.044715447154471545
P0AGE0	0.07303370786516854	0.0	0.0449438202247191	0.056179775280898875	0.02247191011235955	0.16292134831460675	0.0056179775280898875	0.028089887640449437	0.033707865168539325	0.0449438202247191	0.033707865168539325	0.0449438202247191	0.06741573033707865	0.10112359550561797	0.056179775280898875	0.056179775280898875	0.05056179775280899	0.07303370786516854	0.02247191011235955	0.02247191011235955
P02745	0.04081632653061224	0.02040816326530612	0.036734693877551024	0.044897959183673466	0.04081632653061224	0.1673469387755102	0.00816326530612245	0.053061224489795916	0.04897959183673469	0.061224489795918366	0.0163265306122449	0.02857142857142857	0.08979591836734693	0.061224489795918366	0.061224489795918366	0.07346938775510205	0.036734693877551024	0.07346938775510205	0.012244897959183673	0.024489795918367346
Q07812	0.07291666666666667	0.010416666666666666	0.06770833333333333	0.052083333333333336	0.052083333333333336	0.109375	0.0	0.046875	0.046875	0.11458333333333333	0.041666666666666664	0.015625	0.041666666666666664	0.046875	0.057291666666666664	0.057291666666666664	0.06770833333333333	0.057291666666666664	0.03125	0.010416666666666666
Q9UKY1	0.0572737686139748	0.009163802978235968	0.048109965635738834	0.09507445589919816	0.0286368843069874	0.044673539518900345	0.020618556701030927	0.049255441008018326	0.07789232531500573	0.06872852233676977	0.014891179839633447	0.06071019473081329	0.058419243986254296	0.046964490263459335	0.046964490263459335	0.09621993127147767	0.07903780068728522	0.06071019473081329	0.013745704467353952	0.022909507445589918
Q01147	0.10850439882697947	0.011730205278592375	0.03812316715542522	0.06744868035190615	0.002932551319648094	0.0469208211143695	0.008797653958944282	0.05278592375366569	0.04398826979472141	0.06158357771260997	0.020527859237536656	0.03519061583577713	0.05571847507331378	0.10850439882697947	0.0469208211143695	0.08797653958944282	0.09970674486803519	0.08211143695014662	0.0	0.020527859237536656
Q9SYQ8	0.04795918367346939	0.014285714285714285	0.03979591836734694	0.05714285714285714	0.04693877551020408	0.08775510204081632	0.02857142857142857	0.07244897959183673	0.04795918367346939	0.13673469387755102	0.02142857142857143	0.07346938775510205	0.05	0.0163265306122449	0.03775510204081633	0.07653061224489796	0.058163265306122446	0.05612244897959184	0.006122448979591836	0.024489795918367346
Q9Y4Z0	0.02877697841726619	0.02158273381294964	0.03597122302158273	0.05755395683453238	0.014388489208633094	0.17266187050359713	0.014388489208633094	0.05755395683453238	0.07913669064748201	0.07194244604316546	0.04316546762589928	0.04316546762589928	0.050359712230215826	0.06474820143884892	0.09352517985611511	0.02877697841726619	0.03597122302158273	0.050359712230215826	0.014388489208633094	0.02158273381294964
Q9Y5Y5	0.0625	0.002976190476190476	0.02976190476190476	0.05952380952380952	0.026785714285714284	0.0625	0.02976190476190476	0.023809523809523808	0.03571428571428571	0.1875	0.01488095238095238	0.01488095238095238	0.05357142857142857	0.05654761904761905	0.08928571428571429	0.06845238095238096	0.047619047619047616	0.06845238095238096	0.02976190476190476	0.03571428571428571
Q9Y6W8	0.03015075376884422	0.05527638190954774	0.03015075376884422	0.020100502512562814	0.07537688442211055	0.07035175879396985	0.03015075376884422	0.06532663316582915	0.08040201005025126	0.12060301507537688	0.02512562814070352	0.05527638190954774	0.03015075376884422	0.04020100502512563	0.01507537688442211	0.08040201005025126	0.05025125628140704	0.06030150753768844	0.01507537688442211	0.05025125628140704
Q13952	0.07205240174672489	0.010917030567685589	0.03275109170305677	0.05021834061135371	0.026200873362445413	0.06331877729257641	0.013100436681222707	0.05458515283842795	0.028384279475982533	0.0611353711790393	0.024017467248908297	0.024017467248908297	0.07423580786026202	0.17685589519650655	0.043668122270742356	0.06986899563318777	0.09170305676855896	0.06768558951965066	0.006550218340611353	0.008733624454148471
Q9UBN7	0.09876543209876543	0.023045267489711935	0.044444444444444446	0.07242798353909465	0.023868312757201648	0.08888888888888889	0.03786008230452675	0.03539094650205761	0.022222222222222223	0.10452674897119342	0.027983539094650206	0.027160493827160494	0.05843621399176955	0.05267489711934156	0.04609053497942387	0.06995884773662552	0.06748971193415639	0.060905349794238686	0.01316872427983539	0.024691358024691357
Q24311	0.04909560723514212	0.015503875968992248	0.04780361757105943	0.08139534883720931	0.040051679586563305	0.03229974160206718	0.020671834625323	0.04780361757105943	0.0917312661498708	0.11757105943152454	0.020671834625323	0.06847545219638243	0.014211886304909561	0.05555555555555555	0.041343669250646	0.08010335917312661	0.059431524547803614	0.06459948320413436	0.007751937984496124	0.04392764857881137
Q96RL1	0.055632823365785816	0.02920723226703755	0.05146036161335188	0.11821974965229486	0.027816411682892908	0.06397774687065369	0.016689847009735744	0.02920723226703755	0.08205841446453407	0.06675938803894298	0.015299026425591099	0.027816411682892908	0.04728789986091794	0.059805285118219746	0.0584144645340751	0.12100139082058414	0.059805285118219746	0.05285118219749652	0.008344923504867872	0.008344923504867872
P97503	0.14414414414414414	0.018018018018018018	0.042042042042042045	0.08108108108108109	0.018018018018018018	0.10810810810810811	0.012012012012012012	0.012012012012012012	0.03903903903903904	0.08108108108108109	0.009009009009009009	0.012012012012012012	0.07507507507507508	0.03903903903903904	0.08708708708708708	0.08408408408408409	0.04504504504504504	0.057057057057057055	0.012012012012012012	0.024024024024024024
Q9BXW9	0.04962095106822881	0.021364576154376293	0.05513439007580979	0.07925568573397657	0.04410751206064783	0.03790489317711923	0.03170227429359063	0.06616126809097174	0.06822880771881461	0.13439007580978635	0.018607856650585803	0.03514817367332874	0.03514817367332874	0.05513439007580979	0.03652653342522398	0.09786354238456237	0.04686423156443832	0.05995864920744314	0.005513439007580979	0.021364576154376293
Q2Z196	0.02631578947368421	0.02631578947368421	0.05263157894736842	0.07894736842105263	0.0	0.02631578947368421	0.0	0.02631578947368421	0.05263157894736842	0.18421052631578946	0.02631578947368421	0.02631578947368421	0.10526315789473684	0.05263157894736842	0.15789473684210525	0.05263157894736842	0.05263157894736842	0.05263157894736842	0.0	0.0
Q9NQT5	0.08	0.02909090909090909	0.04363636363636364	0.06909090909090909	0.02181818181818182	0.11636363636363636	0.01090909090909091	0.05454545454545454	0.05090909090909091	0.09818181818181818	0.02181818181818182	0.025454545454545455	0.04727272727272727	0.04363636363636364	0.07272727272727272	0.06181818181818182	0.02909090909090909	0.09818181818181818	0.007272727272727273	0.01818181818181818
P61765	0.06397306397306397	0.011784511784511785	0.06902356902356903	0.07407407407407407	0.021885521885521887	0.03872053872053872	0.026936026936026935	0.07575757575757576	0.08754208754208755	0.10101010101010101	0.03198653198653199	0.026936026936026935	0.04713804713804714	0.03535353535353535	0.04882154882154882	0.07744107744107744	0.06228956228956229	0.05218855218855219	0.008417508417508417	0.03872053872053872
Q8VHG2	0.14209591474245115	0.0053285968028419185	0.02930728241563055	0.07460035523978685	0.009769094138543518	0.043516873889875664	0.028419182948490232	0.027531083481349913	0.04440497335701599	0.0763765541740675	0.02575488454706927	0.03374777975133215	0.08614564831261101	0.07726465364120781	0.05772646536412078	0.0994671403197158	0.0674955595026643	0.0497335701598579	0.0017761989342806395	0.019538188277087035
Q06587	0.0665024630541872	0.024630541871921183	0.04433497536945813	0.08374384236453201	0.012315270935960592	0.15517241379310345	0.019704433497536946	0.03201970443349754	0.04187192118226601	0.08374384236453201	0.019704433497536946	0.022167487684729065	0.08866995073891626	0.03201970443349754	0.06157635467980296	0.0812807881773399	0.0665024630541872	0.03694581280788178	0.0049261083743842365	0.022167487684729065
P51167	0.04588607594936709	0.028481012658227847	0.0379746835443038	0.06962025316455696	0.0490506329113924	0.061708860759493674	0.020569620253164556	0.05063291139240506	0.04588607594936709	0.0949367088607595	0.020569620253164556	0.060126582278481014	0.04272151898734177	0.04272151898734177	0.056962025316455694	0.08386075949367089	0.05221518987341772	0.060126582278481014	0.01740506329113924	0.058544303797468354
Q9Y5Y5	0.0625	0.002976190476190476	0.02976190476190476	0.05952380952380952	0.026785714285714284	0.0625	0.02976190476190476	0.023809523809523808	0.03571428571428571	0.1875	0.01488095238095238	0.01488095238095238	0.05357142857142857	0.05654761904761905	0.08928571428571429	0.06845238095238096	0.047619047619047616	0.06845238095238096	0.02976190476190476	0.03571428571428571
P55072	0.08064516129032258	0.01488833746898263	0.07692307692307693	0.08436724565756824	0.038461538461538464	0.07816377171215881	0.01240694789081886	0.07320099255583126	0.05831265508684864	0.08560794044665013	0.02481389578163772	0.03970223325062035	0.05334987593052109	0.03225806451612903	0.07196029776674938	0.04962779156327544	0.03970223325062035	0.06575682382133995	0.0037220843672456576	0.016129032258064516
Q08499	0.059332509270704575	0.012360939431396786	0.06798516687268233	0.08034610630407911	0.029666254635352288	0.04326328800988875	0.03955500618046971	0.03955500618046971	0.04573547589616811	0.09394313967861558	0.027194066749072928	0.037082818294190356	0.07292954264524104	0.05562422744128554	0.05686032138442522	0.09765142150803462	0.059332509270704575	0.05067985166872682	0.009888751545117428	0.021013597033374538
Q9NYB0	0.10025062656641603	0.007518796992481203	0.07518796992481203	0.12781954887218044	0.02756892230576441	0.05764411027568922	0.017543859649122806	0.03508771929824561	0.06265664160401002	0.08020050125313283	0.017543859649122806	0.022556390977443608	0.06265664160401002	0.045112781954887216	0.05764411027568922	0.07518796992481203	0.047619047619047616	0.05263157894736842	0.007518796992481203	0.020050125313283207
Q96RL1	0.055632823365785816	0.02920723226703755	0.05146036161335188	0.11821974965229486	0.027816411682892908	0.06397774687065369	0.016689847009735744	0.02920723226703755	0.08205841446453407	0.06675938803894298	0.015299026425591099	0.027816411682892908	0.04728789986091794	0.059805285118219746	0.0584144645340751	0.12100139082058414	0.059805285118219746	0.05285118219749652	0.008344923504867872	0.008344923504867872
Q04207	0.06739526411657559	0.014571948998178506	0.061930783242258654	0.056466302367941715	0.04007285974499089	0.060109289617486336	0.020036429872495445	0.04553734061930783	0.03278688524590164	0.08561020036429873	0.02185792349726776	0.03278688524590164	0.11475409836065574	0.052823315118397086	0.06375227686703097	0.09107468123861566	0.061930783242258654	0.052823315118397086	0.0018214936247723133	0.02185792349726776
P31150	0.05145413870246085	0.024608501118568233	0.07158836689038031	0.0738255033557047	0.042505592841163314	0.06935123042505593	0.011185682326621925	0.06711409395973154	0.06487695749440715	0.08053691275167785	0.03131991051454139	0.042505592841163314	0.04697986577181208	0.035794183445190156	0.04697986577181208	0.05592841163310962	0.053691275167785234	0.07158836689038031	0.0022371364653243847	0.05592841163310962
Q8R4I4	0.0641025641025641	0.01282051282051282	0.07051282051282051	0.0811965811965812	0.03418803418803419	0.05555555555555555	0.027777777777777776	0.04700854700854701	0.03632478632478633	0.10683760683760683	0.01282051282051282	0.04700854700854701	0.0811965811965812	0.05982905982905983	0.03632478632478633	0.0811965811965812	0.053418803418803416	0.06837606837606838	0.00641025641025641	0.017094017094017096
O00268	0.16497695852534563	0.004608294930875576	0.022119815668202765	0.03778801843317972	0.014746543778801843	0.08387096774193549	0.012903225806451613	0.025806451612903226	0.03963133640552995	0.08110599078341015	0.012903225806451613	0.02488479262672811	0.1447004608294931	0.07834101382488479	0.047004608294930875	0.0663594470046083	0.07096774193548387	0.06175115207373272	0.0	0.005529953917050691
Q07157	0.06464530892448513	0.003432494279176201	0.06178489702517163	0.07951945080091533	0.02803203661327231	0.05091533180778032	0.03260869565217391	0.038901601830663615	0.06064073226544622	0.06292906178489703	0.010869565217391304	0.04004576659038902	0.09897025171624714	0.04977116704805492	0.06750572082379863	0.10297482837528604	0.04919908466819222	0.05892448512585812	0.005148741418764302	0.03318077803203661
P02340	0.06153846153846154	0.03076923076923077	0.04358974358974359	0.08205128205128205	0.03333333333333333	0.06153846153846154	0.028205128205128206	0.023076923076923078	0.06153846153846154	0.08974358974358974	0.028205128205128206	0.020512820512820513	0.09743589743589744	0.035897435897435895	0.06153846153846154	0.08974358974358974	0.06153846153846154	0.05128205128205128	0.007692307692307693	0.03076923076923077
P35968	0.05014749262536873	0.024336283185840708	0.05088495575221239	0.07595870206489676	0.03023598820058997	0.06268436578171091	0.019174041297935103	0.058997050147492625	0.061946902654867256	0.09144542772861357	0.019174041297935103	0.03908554572271387	0.05235988200589971	0.03761061946902655	0.04498525073746313	0.08333333333333333	0.06710914454277286	0.08112094395280237	0.014011799410029498	0.035398230088495575
Q9H213	0.0958904109589041	0.0091324200913242	0.045662100456621	0.0867579908675799	0.0319634703196347	0.0547945205479452	0.0136986301369863	0.0365296803652968	0.0639269406392694	0.0502283105022831	0.0273972602739726	0.0410958904109589	0.0776255707762557	0.0273972602739726	0.0867579908675799	0.1095890410958904	0.0365296803652968	0.0639269406392694	0.0182648401826484	0.0228310502283105
Q99759	0.051118210862619806	0.011182108626198083	0.054313099041533544	0.06389776357827476	0.025559105431309903	0.06549520766773163	0.03194888178913738	0.0463258785942492	0.04472843450479233	0.08146964856230032	0.03194888178913738	0.04313099041533546	0.054313099041533544	0.054313099041533544	0.0878594249201278	0.11022364217252396	0.0463258785942492	0.051118210862619806	0.006389776357827476	0.038338658146964855
P20700	0.08703071672354949	0.008532423208191127	0.052901023890784986	0.1348122866894198	0.006825938566552901	0.040955631399317405	0.011945392491467578	0.03583617747440273	0.06655290102389079	0.11092150170648464	0.023890784982935155	0.034129692832764506	0.02218430034129693	0.052901023890784986	0.08191126279863481	0.08703071672354949	0.059726962457337884	0.051194539249146756	0.006825938566552901	0.023890784982935155
Q9UBY5	0.053824362606232294	0.0339943342776204	0.0339943342776204	0.0169971671388102	0.059490084985835696	0.042492917847025496	0.019830028328611898	0.059490084985835696	0.0453257790368272	0.11898016997167139	0.042492917847025496	0.053824362606232294	0.031161473087818695	0.0169971671388102	0.056657223796033995	0.08781869688385269	0.0679886685552408	0.09915014164305949	0.019830028328611898	0.039660056657223795
Q38898	0.06359102244389027	0.02119700748129676	0.05486284289276808	0.06483790523690773	0.04114713216957606	0.04738154613466334	0.02743142144638404	0.07356608478802992	0.04987531172069826	0.11970074812967581	0.026184538653366583	0.05361596009975062	0.032418952618453865	0.029925187032418952	0.05610972568578554	0.06733167082294264	0.05236907730673317	0.0685785536159601	0.011221945137157107	0.03865336658354115
P60881	0.07766990291262135	0.019417475728155338	0.09223300970873786	0.11650485436893204	0.009708737864077669	0.06796116504854369	0.0048543689320388345	0.05339805825242718	0.05825242718446602	0.07766990291262135	0.06310679611650485	0.06796116504854369	0.009708737864077669	0.06310679611650485	0.0825242718446602	0.04854368932038835	0.03398058252427184	0.043689320388349516	0.0048543689320388345	0.0048543689320388345
Q91783	0.05435801312089972	0.01780693533270853	0.046860356138706656	0.10684161199625117	0.02530459231490159	0.04498594189315839	0.02155576382380506	0.05060918462980318	0.07497656982193064	0.10028116213683223	0.02155576382380506	0.04217432052483599	0.022492970946579195	0.06935332708528585	0.046860356138706656	0.1021555763823805	0.06091846298031865	0.06935332708528585	0.0018744142455482662	0.019681349578256794
Q91V27	0.06779661016949153	0.023728813559322035	0.06440677966101695	0.09491525423728814	0.01864406779661017	0.06440677966101695	0.0288135593220339	0.022033898305084745	0.05084745762711865	0.09322033898305085	0.013559322033898305	0.01864406779661017	0.07288135593220339	0.04576271186440678	0.08305084745762711	0.10847457627118644	0.06440677966101695	0.04745762711864407	0.005084745762711864	0.011864406779661017
Q6QLM7	0.0691333982473223	0.013631937682570594	0.05258033106134372	0.11684518013631938	0.021421616358325218	0.04089581304771178	0.02531645569620253	0.04965920155793573	0.08568646543330087	0.09931840311587146	0.016553067185978577	0.05063291139240506	0.029211295034079845	0.062317429406037	0.055501460564751706	0.07400194741966894	0.04868549172346641	0.05842259006815969	0.0019474196689386564	0.028237585199610515
Q9UHX1	0.1252236135957066	0.005366726296958855	0.04114490161001789	0.07513416815742398	0.028622540250447227	0.07692307692307693	0.012522361359570662	0.055456171735241505	0.057245080500894455	0.07692307692307693	0.03577817531305903	0.023255813953488372	0.06797853309481217	0.06976744186046512	0.03398926654740608	0.0626118067978533	0.0518783542039356	0.07513416815742398	0.005366726296958855	0.01967799642218247
Q8TAE8	0.15315315315315314	0.0045045045045045045	0.02702702702702703	0.10810810810810811	0.009009009009009009	0.04504504504504504	0.0045045045045045045	0.009009009009009009	0.06306306306306306	0.09009009009009009	0.02252252252252252	0.009009009009009009	0.08108108108108109	0.0945945945945946	0.12612612612612611	0.05405405405405406	0.013513513513513514	0.036036036036036036	0.02702702702702703	0.02252252252252252
P42224	0.036	0.013333333333333334	0.050666666666666665	0.08666666666666667	0.04533333333333334	0.036	0.021333333333333333	0.04933333333333333	0.07333333333333333	0.12	0.025333333333333333	0.06	0.04666666666666667	0.072	0.04533333333333334	0.06666666666666667	0.048	0.06	0.02	0.024
Q8VHQ7	0.043154761904761904	0.017857142857142856	0.05654761904761905	0.0818452380952381	0.023809523809523808	0.07738095238095238	0.022321428571428572	0.03869047619047619	0.09375	0.09821428571428571	0.026785714285714284	0.028273809523809524	0.03273809523809524	0.043154761904761904	0.06845238095238096	0.10119047619047619	0.044642857142857144	0.06101190476190476	0.01636904761904762	0.023809523809523808
Q8CIN4	0.0648854961832061	0.009541984732824428	0.05916030534351145	0.08396946564885496	0.03244274809160305	0.05725190839694656	0.013358778625954198	0.05916030534351145	0.09351145038167939	0.08587786259541985	0.02862595419847328	0.04007633587786259	0.07824427480916031	0.03435114503816794	0.03244274809160305	0.07251908396946564	0.06297709923664122	0.0648854961832061	0.0057251908396946565	0.02099236641221374
Q9H213	0.0958904109589041	0.0091324200913242	0.045662100456621	0.0867579908675799	0.0319634703196347	0.0547945205479452	0.0136986301369863	0.0365296803652968	0.0639269406392694	0.0502283105022831	0.0273972602739726	0.0410958904109589	0.0776255707762557	0.0273972602739726	0.0867579908675799	0.1095890410958904	0.0365296803652968	0.0639269406392694	0.0182648401826484	0.0228310502283105
Q8R0K9	0.05853658536585366	0.01707317073170732	0.05365853658536585	0.08048780487804878	0.014634146341463415	0.05609756097560976	0.012195121951219513	0.04390243902439024	0.05121951219512195	0.11951219512195121	0.00975609756097561	0.024390243902439025	0.1073170731707317	0.04878048780487805	0.02926829268292683	0.13414634146341464	0.05365853658536585	0.06585365853658537	0.007317073170731708	0.012195121951219513
Q99569	0.06459731543624161	0.01174496644295302	0.04697986577181208	0.050335570469798654	0.015939597315436243	0.061241610738255035	0.02181208053691275	0.03271812080536913	0.04194630872483222	0.08640939597315436	0.016778523489932886	0.04865771812080537	0.0662751677852349	0.061241610738255035	0.07130872483221476	0.12164429530201343	0.06711409395973154	0.06291946308724833	0.009228187919463088	0.041107382550335574
P49841	0.08095238095238096	0.02142857142857143	0.05238095238095238	0.04523809523809524	0.04285714285714286	0.05238095238095238	0.016666666666666666	0.047619047619047616	0.05476190476190476	0.0880952380952381	0.011904761904761904	0.04047619047619048	0.07380952380952381	0.04285714285714286	0.06428571428571428	0.0761904761904762	0.07142857142857142	0.06904761904761905	0.004761904761904762	0.04285714285714286
Q9HBH9	0.08602150537634409	0.034408602150537634	0.06236559139784946	0.07526881720430108	0.043010752688172046	0.06236559139784946	0.03225806451612903	0.047311827956989246	0.053763440860215055	0.09247311827956989	0.017204301075268817	0.025806451612903226	0.05806451612903226	0.06451612903225806	0.060215053763440864	0.07741935483870968	0.01935483870967742	0.060215053763440864	0.008602150537634409	0.01935483870967742
Q60974	0.07623318385650224	0.007337953526294333	0.041989400733795354	0.09417040358744394	0.016306563391765186	0.052588666938442725	0.025275173257236036	0.044027721157766	0.057480635955972276	0.05625764370158989	0.018344883815735832	0.027721157766000815	0.0962087240114146	0.06237260497350183	0.07174887892376682	0.11781492050550346	0.05584997961679576	0.051365674684060336	0.003261312678353037	0.023644516918059518
P35225	0.0821917808219178	0.03424657534246575	0.0136986301369863	0.04794520547945205	0.0410958904109589	0.0684931506849315	0.0273972602739726	0.04794520547945205	0.04794520547945205	0.1780821917808219	0.03424657534246575	0.04794520547945205	0.0547945205479452	0.03424657534246575	0.03424657534246575	0.07534246575342465	0.0547945205479452	0.06164383561643835	0.00684931506849315	0.00684931506849315
Q9UHX1	0.1252236135957066	0.005366726296958855	0.04114490161001789	0.07513416815742398	0.028622540250447227	0.07692307692307693	0.012522361359570662	0.055456171735241505	0.057245080500894455	0.07692307692307693	0.03577817531305903	0.023255813953488372	0.06797853309481217	0.06976744186046512	0.03398926654740608	0.0626118067978533	0.0518783542039356	0.07513416815742398	0.005366726296958855	0.01967799642218247
P24394	0.06545454545454546	0.04242424242424243	0.03515151515151515	0.08	0.02666666666666667	0.0703030303030303	0.025454545454545455	0.027878787878787878	0.037575757575757575	0.09575757575757576	0.01575757575757576	0.03151515151515152	0.10787878787878788	0.04242424242424243	0.03272727272727273	0.10909090909090909	0.04606060606060606	0.06181818181818182	0.02303030303030303	0.02303030303030303
P42224	0.036	0.013333333333333334	0.050666666666666665	0.08666666666666667	0.04533333333333334	0.036	0.021333333333333333	0.04933333333333333	0.07333333333333333	0.12	0.025333333333333333	0.06	0.04666666666666667	0.072	0.04533333333333334	0.06666666666666667	0.048	0.06	0.02	0.024
P43403	0.08723747980613894	0.027463651050080775	0.050080775444264945	0.07431340872374798	0.029079159935379646	0.06785137318255251	0.025848142164781908	0.03877221324717286	0.06785137318255251	0.10016155088852989	0.033925686591276254	0.022617124394184167	0.06785137318255251	0.03715670436187399	0.05977382875605816	0.061389337641357025	0.03715670436187399	0.046849757673667204	0.014539579967689823	0.050080775444264945
P26039	0.15741833923652104	0.0149547422274695	0.048799685163321525	0.06965761511216056	0.017316017316017316	0.06099960645415191	0.015741833923652106	0.03817394726485636	0.06414797323888233	0.09641873278236915	0.024006296733569462	0.032270759543486814	0.03738685556867375	0.07162534435261708	0.04171585989767808	0.07005116096025187	0.059818968909878	0.06493506493506493	0.0035419126328217238	0.011019283746556474
Q15796	0.042826552462526764	0.034261241970021415	0.034261241970021415	0.06852248394004283	0.029978586723768737	0.06852248394004283	0.027837259100642397	0.042826552462526764	0.042826552462526764	0.08993576017130621	0.014989293361884369	0.05139186295503212	0.07494646680942184	0.04925053533190578	0.047109207708779445	0.08565310492505353	0.07494646680942184	0.06209850107066381	0.023554603854389723	0.034261241970021415
P35523	0.07388663967611336	0.018218623481781375	0.04149797570850203	0.06275303643724696	0.05060728744939271	0.07793522267206478	0.025303643724696356	0.04757085020242915	0.04251012145748988	0.11437246963562753	0.02834008097165992	0.015182186234817813	0.07186234817813765	0.04554655870445344	0.04048582995951417	0.07692307692307693	0.053643724696356275	0.07388663967611336	0.013157894736842105	0.02631578947368421
Q9Z0G0	0.08708708708708708	0.006006006006006006	0.05405405405405406	0.09309309309309309	0.04504504504504504	0.12012012012012012	0.021021021021021023	0.04804804804804805	0.057057057057057055	0.10810810810810811	0.024024024024024024	0.018018018018018018	0.06306306306306306	0.024024024024024024	0.06906906906906907	0.04504504504504504	0.04504504504504504	0.05405405405405406	0.003003003003003003	0.015015015015015015
P49736	0.07632743362831858	0.01327433628318584	0.06526548672566372	0.09623893805309734	0.033185840707964605	0.059734513274336286	0.028761061946902654	0.05752212389380531	0.04756637168141593	0.08738938053097345	0.029867256637168143	0.03982300884955752	0.04424778761061947	0.04092920353982301	0.07632743362831858	0.06969026548672566	0.03982300884955752	0.06526548672566372	0.0022123893805309734	0.02654867256637168
Q00987	0.03054989816700611	0.038696537678207736	0.07331975560081466	0.11405295315682282	0.02240325865580448	0.04276985743380855	0.018329938900203666	0.04073319755600815	0.06313645621181263	0.07331975560081466	0.016293279022403257	0.03665987780040733	0.04684317718940937	0.054989816700611	0.04276985743380855	0.13441955193482688	0.05091649694501019	0.06313645621181263	0.008146639511201629	0.028513238289205704
O35988	0.06565656565656566	0.005050505050505051	0.08080808080808081	0.10101010101010101	0.04040404040404041	0.08585858585858586	0.005050505050505051	0.05555555555555555	0.050505050505050504	0.12626262626262627	0.020202020202020204	0.030303030303030304	0.09595959595959595	0.015151515151515152	0.03535353535353535	0.06565656565656566	0.025252525252525252	0.0707070707070707	0.0	0.025252525252525252
Q92851	0.061420345489443376	0.023032629558541268	0.04222648752399232	0.08253358925143954	0.04222648752399232	0.044145873320537425	0.028790786948176585	0.04990403071017274	0.07293666026871401	0.11708253358925144	0.02111324376199616	0.046065259117082535	0.044145873320537425	0.04990403071017274	0.04990403071017274	0.08637236084452975	0.04990403071017274	0.05950095969289827	0.011516314779270634	0.01727447216890595
Q9Y5S9	0.05747126436781609	0.005747126436781609	0.09195402298850575	0.1206896551724138	0.028735632183908046	0.1206896551724138	0.028735632183908046	0.034482758620689655	0.06896551724137931	0.05747126436781609	0.028735632183908046	0.017241379310344827	0.034482758620689655	0.028735632183908046	0.10919540229885058	0.04597701149425287	0.028735632183908046	0.04597701149425287	0.011494252873563218	0.034482758620689655
P38532	0.06285714285714286	0.009523809523809525	0.07047619047619047	0.05523809523809524	0.030476190476190476	0.045714285714285714	0.02666666666666667	0.03428571428571429	0.049523809523809526	0.11238095238095239	0.024761904761904763	0.030476190476190476	0.09333333333333334	0.045714285714285714	0.03619047619047619	0.1295238095238095	0.05904761904761905	0.05904761904761905	0.005714285714285714	0.01904761904761905
Q96MW5	0.09967320261437909	0.017973856209150325	0.0392156862745098	0.08496732026143791	0.05065359477124183	0.05228758169934641	0.014705882352941176	0.05555555555555555	0.0196078431372549	0.12745098039215685	0.0196078431372549	0.029411764705882353	0.06862745098039216	0.06045751633986928	0.07352941176470588	0.05065359477124183	0.05228758169934641	0.05555555555555555	0.004901960784313725	0.02287581699346405
Q01728	0.0690010298661174	0.014418125643666324	0.05458290422245108	0.08650875386199794	0.0607621009268795	0.07312049433573635	0.02059732234809475	0.07826982492276004	0.05046343975283213	0.07929969104016478	0.01956745623069001	0.032955715756951595	0.03192584963954686	0.02265705458290422	0.042224510813594233	0.061791967044284246	0.07209062821833162	0.08959835221421215	0.012358393408856848	0.027806385169927908
P14753	0.06903353057199212	0.021696252465483234	0.04930966469428008	0.07100591715976332	0.029585798816568046	0.07297830374753451	0.02564102564102564	0.021696252465483234	0.01775147928994083	0.1341222879684418	0.009861932938856016	0.013806706114398421	0.10059171597633136	0.02564102564102564	0.05325443786982249	0.1222879684418146	0.05128205128205128	0.05917159763313609	0.02564102564102564	0.02564102564102564
Q9NNX6	0.07178217821782178	0.022277227722772276	0.022277227722772276	0.11138613861386139	0.027227722772277228	0.0594059405940594	0.007425742574257425	0.0297029702970297	0.07920792079207921	0.12871287128712872	0.009900990099009901	0.034653465346534656	0.04950495049504951	0.09900990099009901	0.03712871287128713	0.07920792079207921	0.03712871287128713	0.04207920792079208	0.024752475247524754	0.027227722772277228
Q92730	0.0603448275862069	0.04741379310344827	0.04741379310344827	0.06896551724137931	0.021551724137931036	0.03017241379310345	0.01293103448275862	0.04310344827586207	0.07327586206896551	0.1206896551724138	0.021551724137931036	0.01293103448275862	0.0603448275862069	0.03879310344827586	0.05603448275862069	0.11206896551724138	0.06465517241379311	0.0603448275862069	0.008620689655172414	0.03879310344827586
Q13976	0.05514157973174367	0.01639344262295082	0.06706408345752608	0.08792846497764531	0.05216095380029806	0.06855439642324888	0.019374068554396422	0.07302533532041729	0.08792846497764531	0.08941877794336811	0.02384500745156483	0.03278688524590164	0.040238450074515646	0.026825633383010434	0.04918032786885246	0.05663189269746647	0.05812220566318927	0.05216095380029806	0.011922503725782414	0.03129657228017884
Q9UJU2	0.05513784461152882	0.005012531328320802	0.045112781954887216	0.06766917293233082	0.017543859649122806	0.08521303258145363	0.05513784461152882	0.05012531328320802	0.06265664160401002	0.05263157894736842	0.03759398496240601	0.03258145363408521	0.12030075187969924	0.05263157894736842	0.045112781954887216	0.09022556390977443	0.040100250626566414	0.03759398496240601	0.007518796992481203	0.040100250626566414
P0C7X2	0.10507246376811594	0.028985507246376812	0.03985507246376811	0.07971014492753623	0.03260869565217391	0.08695652173913043	0.025362318840579712	0.021739130434782608	0.036231884057971016	0.043478260869565216	0.021739130434782608	0.010869565217391304	0.14855072463768115	0.03260869565217391	0.11956521739130435	0.04710144927536232	0.025362318840579712	0.057971014492753624	0.018115942028985508	0.018115942028985508
P04637	0.061068702290076333	0.02544529262086514	0.05089058524173028	0.07633587786259542	0.027989821882951654	0.058524173027989825	0.030534351145038167	0.020356234096692113	0.05089058524173028	0.08142493638676845	0.030534351145038167	0.035623409669211195	0.11450381679389313	0.03816793893129771	0.06615776081424936	0.09669211195928754	0.05597964376590331	0.04580152671755725	0.010178117048346057	0.022900763358778626
Q6PIZ9	0.05913978494623656	0.016129032258064516	0.08064516129032258	0.07526881720430108	0.03225806451612903	0.043010752688172046	0.03225806451612903	0.06451612903225806	0.06451612903225806	0.07526881720430108	0.03763440860215054	0.043010752688172046	0.04838709677419355	0.04838709677419355	0.04838709677419355	0.0967741935483871	0.043010752688172046	0.043010752688172046	0.005376344086021506	0.043010752688172046
P01582	0.040740740740740744	0.007407407407407408	0.07777777777777778	0.06296296296296296	0.05555555555555555	0.025925925925925925	0.018518518518518517	0.040740740740740744	0.07407407407407407	0.1	0.022222222222222223	0.037037037037037035	0.03333333333333333	0.05555555555555555	0.03333333333333333	0.12962962962962962	0.08148148148148149	0.044444444444444446	0.007407407407407408	0.05185185185185185
Q96PK6	0.19581464872944693	0.004484304932735426	0.028400597907324365	0.02391629297458894	0.02242152466367713	0.09118086696562033	0.01046337817638266	0.008968609865470852	0.028400597907324365	0.05530642750373692	0.01943198804185351	0.025411061285500747	0.06726457399103139	0.07473841554559044	0.061285500747384154	0.13153961136023917	0.04035874439461883	0.03886397608370702	0.0014947683109118087	0.07025411061285501
P49736	0.07632743362831858	0.01327433628318584	0.06526548672566372	0.09623893805309734	0.033185840707964605	0.059734513274336286	0.028761061946902654	0.05752212389380531	0.04756637168141593	0.08738938053097345	0.029867256637168143	0.03982300884955752	0.04424778761061947	0.04092920353982301	0.07632743362831858	0.06969026548672566	0.03982300884955752	0.06526548672566372	0.0022123893805309734	0.02654867256637168
P63213	0.18309859154929578	0.028169014084507043	0.04225352112676056	0.08450704225352113	0.04225352112676056	0.0	0.014084507042253521	0.056338028169014086	0.09859154929577464	0.08450704225352113	0.04225352112676056	0.056338028169014086	0.056338028169014086	0.028169014084507043	0.04225352112676056	0.056338028169014086	0.028169014084507043	0.04225352112676056	0.0	0.014084507042253521
Q9H9E3	0.06369426751592357	0.02165605095541401	0.05605095541401274	0.09171974522292993	0.04076433121019108	0.045859872611464965	0.012738853503184714	0.0535031847133758	0.05987261146496815	0.12738853503184713	0.02802547770700637	0.03821656050955414	0.022929936305732482	0.05732484076433121	0.05477707006369427	0.07006369426751592	0.061146496815286625	0.06369426751592357	0.006369426751592357	0.024203821656050957
Q5SNZ0	0.041110517885744796	0.0069407367859049655	0.04591564335290977	0.12600106780565937	0.017084890549919914	0.028830752802989856	0.0202883075280299	0.03897490656700481	0.1009076348104645	0.13027229044313934	0.024559530165509876	0.05659369994660972	0.0202883075280299	0.07367859049652963	0.055525894287239724	0.09877202349172451	0.057127602776294716	0.03897490656700481	0.0037373198077949813	0.014415376401494928
Q9UM11	0.0625	0.014112903225806451	0.05241935483870968	0.04233870967741935	0.020161290322580645	0.06854838709677419	0.02620967741935484	0.03225806451612903	0.056451612903225805	0.10685483870967742	0.012096774193548387	0.04838709677419355	0.046370967741935484	0.05241935483870968	0.06653225806451613	0.11088709677419355	0.0625	0.06854838709677419	0.028225806451612902	0.02217741935483871
Q9NYB0	0.10025062656641603	0.007518796992481203	0.07518796992481203	0.12781954887218044	0.02756892230576441	0.05764411027568922	0.017543859649122806	0.03508771929824561	0.06265664160401002	0.08020050125313283	0.017543859649122806	0.022556390977443608	0.06265664160401002	0.045112781954887216	0.05764411027568922	0.07518796992481203	0.047619047619047616	0.05263157894736842	0.007518796992481203	0.020050125313283207
Q9UKV8	0.06286379511059371	0.025611175785797437	0.04540162980209546	0.047729918509895226	0.04540162980209546	0.06169965075669383	0.037252619324796274	0.05587892898719441	0.06169965075669383	0.0710128055878929	0.024447031431897557	0.025611175785797437	0.06752037252619325	0.06635622817229336	0.06635622817229336	0.051222351571594875	0.06286379511059371	0.08149010477299184	0.006984866123399301	0.03259604190919674
Q01105	0.041379310344827586	0.0	0.1103448275862069	0.18620689655172415	0.041379310344827586	0.05862068965517241	0.020689655172413793	0.041379310344827586	0.07931034482758621	0.06206896551724138	0.006896551724137931	0.034482758620689655	0.06551724137931035	0.04827586206896552	0.034482758620689655	0.06206896551724138	0.034482758620689655	0.034482758620689655	0.013793103448275862	0.02413793103448276
P63165	0.019801980198019802	0.009900990099009901	0.0594059405940594	0.12871287128712872	0.0297029702970297	0.07920792079207921	0.039603960396039604	0.04950495049504951	0.10891089108910891	0.06930693069306931	0.039603960396039604	0.019801980198019802	0.0297029702970297	0.06930693069306931	0.0297029702970297	0.06930693069306931	0.0594059405940594	0.0594059405940594	0.0	0.0297029702970297
P70339	0.10583941605839416	0.021897810218978103	0.06204379562043796	0.058394160583941604	0.010948905109489052	0.10583941605839416	0.021897810218978103	0.014598540145985401	0.014598540145985401	0.11678832116788321	0.0072992700729927005	0.010948905109489052	0.12773722627737227	0.06204379562043796	0.0948905109489051	0.06934306569343066	0.043795620437956206	0.043795620437956206	0.0036496350364963502	0.0036496350364963502
Q00731	0.03271028037383177	0.07476635514018691	0.037383177570093455	0.0794392523364486	0.03271028037383177	0.028037383177570093	0.04205607476635514	0.04205607476635514	0.102803738317757	0.06542056074766354	0.028037383177570093	0.02336448598130841	0.056074766355140186	0.056074766355140186	0.08878504672897196	0.0794392523364486	0.04672897196261682	0.04205607476635514	0.018691588785046728	0.02336448598130841
Q8TAE8	0.15315315315315314	0.0045045045045045045	0.02702702702702703	0.10810810810810811	0.009009009009009009	0.04504504504504504	0.0045045045045045045	0.009009009009009009	0.06306306306306306	0.09009009009009009	0.02252252252252252	0.009009009009009009	0.08108108108108109	0.0945945945945946	0.12612612612612611	0.05405405405405406	0.013513513513513514	0.036036036036036036	0.02702702702702703	0.02252252252252252
Q3UPW8	0.03614457831325301	0.08433734939759036	0.024096385542168676	0.05421686746987952	0.05421686746987952	0.060240963855421686	0.030120481927710843	0.04216867469879518	0.030120481927710843	0.09036144578313253	0.018072289156626505	0.012048192771084338	0.0783132530120482	0.024096385542168676	0.04216867469879518	0.10240963855421686	0.04819277108433735	0.08433734939759036	0.060240963855421686	0.024096385542168676
Q9ESU6	0.06714285714285714	0.0064285714285714285	0.035	0.07285714285714286	0.017857142857142856	0.025714285714285714	0.03214285714285714	0.02857142857142857	0.08214285714285714	0.06	0.02642857142857143	0.025	0.17785714285714285	0.105	0.04428571428571428	0.08	0.047142857142857146	0.05	0.0035714285714285713	0.012857142857142857
