#	A	C	D	E	F	G	H	I	K	L	M	N	P	Q	R	S	T	V	W	Y
Q8TBX8	0.06175771971496437	0.007125890736342043	0.06413301662707839	0.07125890736342043	0.05463182897862233	0.0665083135391924	0.03800475059382423	0.052256532066508314	0.07838479809976247	0.0855106888361045	0.023752969121140142	0.0332541567695962	0.05938242280285035	0.028503562945368172	0.04513064133016627	0.0831353919239905	0.030878859857482184	0.07600950118764846	0.0023752969121140144	0.03800475059382423
Q13571	0.04580152671755725	0.03816793893129771	0.019083969465648856	0.04580152671755725	0.04961832061068702	0.022900763358778626	0.019083969465648856	0.07633587786259542	0.05725190839694656	0.15648854961832062	0.05725190839694656	0.030534351145038167	0.05343511450381679	0.026717557251908396	0.03816793893129771	0.10687022900763359	0.04198473282442748	0.061068702290076333	0.003816793893129771	0.04961832061068702
P02771	0.08210180623973727	0.052545155993431854	0.03776683087027915	0.09688013136288999	0.052545155993431854	0.042692939244663386	0.026272577996715927	0.05582922824302135	0.06896551724137931	0.09852216748768473	0.014778325123152709	0.03284072249589491	0.034482758620689655	0.06568144499178982	0.0361247947454844	0.06239737274220033	0.059113300492610835	0.04926108374384237	0.003284072249589491	0.027914614121510674
P31749	0.052083333333333336	0.014583333333333334	0.058333333333333334	0.10208333333333333	0.05625	0.0625	0.027083333333333334	0.041666666666666664	0.075	0.08541666666666667	0.03333333333333333	0.027083333333333334	0.04583333333333333	0.035416666666666666	0.0625	0.04791666666666667	0.0625	0.058333333333333334	0.014583333333333334	0.0375
O26901	0.07246376811594203	0.007246376811594203	0.05507246376811594	0.09565217391304348	0.04057971014492753	0.06666666666666667	0.020289855072463767	0.08115942028985507	0.0391304347826087	0.08260869565217391	0.03188405797101449	0.02608695652173913	0.04057971014492753	0.020289855072463767	0.08840579710144927	0.06811594202898551	0.050724637681159424	0.06376811594202898	0.005797101449275362	0.043478260869565216
Q9NPY3	0.07668711656441718	0.06595092024539877	0.049079754601226995	0.05828220858895705	0.027607361963190184	0.11809815950920245	0.01687116564417178	0.010736196319018405	0.04294478527607362	0.09355828220858896	0.010736196319018405	0.032208588957055216	0.08128834355828221	0.04141104294478527	0.03987730061349693	0.09049079754601227	0.05828220858895705	0.05214723926380368	0.013803680981595092	0.019938650306748466
Q9Y371	0.08493150684931507	0.0136986301369863	0.049315068493150684	0.07945205479452055	0.030136986301369864	0.052054794520547946	0.010958904109589041	0.049315068493150684	0.0684931506849315	0.12054794520547946	0.024657534246575342	0.06027397260273973	0.03287671232876712	0.049315068493150684	0.049315068493150684	0.07397260273972603	0.07123287671232877	0.0410958904109589	0.005479452054794521	0.03287671232876712
Q5T3J3	0.05071521456436931	0.005201560468140442	0.036410923276983094	0.0494148244473342	0.032509752925877766	0.044213263979193757	0.02080624187256177	0.04811443433029909	0.09492847854356307	0.06762028608582575	0.02340702210663199	0.06371911573472042	0.05981794538361508	0.0611183355006502	0.035110533159947985	0.11963589076723016	0.0858257477243173	0.08322496749024708	0.0013003901170351106	0.016905071521456438
Q60972	0.058823529411764705	0.011764705882352941	0.08470588235294117	0.08235294117647059	0.03529411764705882	0.058823529411764705	0.047058823529411764	0.05411764705882353	0.05411764705882353	0.07764705882352942	0.01411764705882353	0.05176470588235294	0.05647058823529412	0.03058823529411765	0.02588235294117647	0.09411764705882353	0.04941176470588235	0.06352941176470588	0.03058823529411765	0.018823529411764704
O80809	0.043055555555555555	0.018055555555555554	0.041666666666666664	0.05	0.059722222222222225	0.06944444444444445	0.018055555555555554	0.06666666666666667	0.04027777777777778	0.16666666666666666	0.011111111111111112	0.0763888888888889	0.04861111111111111	0.029166666666666667	0.034722222222222224	0.12638888888888888	0.034722222222222224	0.0375	0.009722222222222222	0.018055555555555554
Q9Y4Z0	0.02877697841726619	0.02158273381294964	0.03597122302158273	0.05755395683453238	0.014388489208633094	0.17266187050359713	0.014388489208633094	0.05755395683453238	0.07913669064748201	0.07194244604316546	0.04316546762589928	0.04316546762589928	0.050359712230215826	0.06474820143884892	0.09352517985611511	0.02877697841726619	0.03597122302158273	0.050359712230215826	0.014388489208633094	0.02158273381294964
Q92968	0.09181141439205956	0.0024813895781637717	0.04714640198511166	0.05459057071960298	0.052109181141439205	0.08188585607940446	0.01240694789081886	0.034739454094292806	0.04218362282878412	0.0794044665012407	0.017369727047146403	0.02977667493796526	0.07444168734491315	0.04218362282878412	0.062034739454094295	0.10421836228287841	0.05459057071960298	0.06451612903225806	0.01488833746898263	0.03722084367245657
Q9NZQ7	0.05517241379310345	0.020689655172413793	0.04827586206896552	0.07241379310344828	0.03793103448275862	0.041379310344827586	0.03103448275862069	0.06551724137931035	0.06551724137931035	0.10344827586206896	0.02413793103448276	0.04827586206896552	0.034482758620689655	0.041379310344827586	0.05172413793103448	0.04482758620689655	0.08620689655172414	0.07931034482758621	0.010344827586206896	0.03793103448275862
Q07021	0.06028368794326241	0.024822695035460994	0.07092198581560284	0.10283687943262411	0.04609929078014184	0.07092198581560284	0.01773049645390071	0.031914893617021274	0.05673758865248227	0.1099290780141844	0.010638297872340425	0.031914893617021274	0.06028368794326241	0.03546099290780142	0.05319148936170213	0.07092198581560284	0.05673758865248227	0.06382978723404255	0.010638297872340425	0.014184397163120567
Q969S8	0.12855007473841554	0.02092675635276532	0.043348281016442454	0.05829596412556054	0.026905829596412557	0.08669656203288491	0.03886397608370702	0.01943198804185351	0.01195814648729447	0.14947683109118087	0.01943198804185351	0.016442451420029897	0.07623318385650224	0.05530642750373692	0.052316890881913304	0.059790732436472344	0.03587443946188341	0.07025411061285501	0.013452914798206279	0.016442451420029897
Q7JWH5	0.05309734513274336	0.09734513274336283	0.10619469026548672	0.04424778761061947	0.017699115044247787	0.04424778761061947	0.02654867256637168	0.02654867256637168	0.061946902654867256	0.035398230088495575	0.061946902654867256	0.05309734513274336	0.035398230088495575	0.061946902654867256	0.061946902654867256	0.05309734513274336	0.017699115044247787	0.08849557522123894	0.05309734513274336	0.0
P15207	0.07982261640798226	0.028824833702882482	0.038802660753880266	0.06319290465631928	0.031042128603104215	0.09090909090909091	0.02328159645232816	0.031042128603104215	0.04434589800443459	0.08647450110864745	0.024390243902439025	0.025498891352549888	0.08314855875831485	0.07317073170731707	0.04878048780487805	0.10199556541019955	0.036585365853658534	0.043237250554323724	0.008869179600886918	0.036585365853658534
O88895	0.054245283018867926	0.02830188679245283	0.07547169811320754	0.06132075471698113	0.0589622641509434	0.07547169811320754	0.04481132075471698	0.049528301886792456	0.03537735849056604	0.08254716981132075	0.018867924528301886	0.04716981132075472	0.049528301886792456	0.04009433962264151	0.04245283018867924	0.054245283018867926	0.04245283018867924	0.0660377358490566	0.0047169811320754715	0.06839622641509434
Q14565	0.09411764705882353	0.008823529411764706	0.061764705882352944	0.08529411764705883	0.052941176470588235	0.08235294117647059	0.023529411764705882	0.07941176470588235	0.07352941176470588	0.08235294117647059	0.029411764705882353	0.026470588235294117	0.029411764705882353	0.04411764705882353	0.05	0.04411764705882353	0.06470588235294118	0.047058823529411764	0.0	0.020588235294117647
Q14186	0.07073170731707316	0.012195121951219513	0.05609756097560976	0.07073170731707316	0.03414634146341464	0.06585365853658537	0.01951219512195122	0.05121951219512195	0.06341463414634146	0.07073170731707316	0.02195121951219512	0.07073170731707316	0.04878048780487805	0.05853658536585366	0.046341463414634146	0.09268292682926829	0.05121951219512195	0.07317073170731707	0.004878048780487805	0.01707317073170732
Q9NQT5	0.08	0.02909090909090909	0.04363636363636364	0.06909090909090909	0.02181818181818182	0.11636363636363636	0.01090909090909091	0.05454545454545454	0.05090909090909091	0.09818181818181818	0.02181818181818182	0.025454545454545455	0.04727272727272727	0.04363636363636364	0.07272727272727272	0.06181818181818182	0.02909090909090909	0.09818181818181818	0.007272727272727273	0.01818181818181818
P47709	0.07456140350877193	0.021929824561403508	0.05263157894736842	0.07894736842105263	0.02046783625730994	0.09064327485380116	0.023391812865497075	0.039473684210526314	0.07163742690058479	0.06432748538011696	0.024853801169590642	0.04093567251461988	0.08187134502923976	0.054093567251461985	0.07017543859649122	0.059941520467836254	0.05263157894736842	0.04093567251461988	0.01608187134502924	0.02046783625730994
Q61146	0.06333973128598848	0.013435700575815739	0.05950095969289827	0.05950095969289827	0.03838771593090211	0.08445297504798464	0.013435700575815739	0.05950095969289827	0.05566218809980806	0.061420345489443376	0.0345489443378119	0.030710172744721688	0.0671785028790787	0.03262955854126679	0.05566218809980806	0.07677543186180422	0.04030710172744722	0.05950095969289827	0.009596928982725527	0.08445297504798464
Q06330	0.06	0.026	0.048	0.066	0.038	0.07	0.02	0.042	0.062	0.072	0.028	0.042	0.064	0.046	0.05	0.086	0.066	0.068	0.012	0.034
Q8UVW8	0.048214285714285716	0.023214285714285715	0.06964285714285715	0.05892857142857143	0.03214285714285714	0.05	0.0375	0.0625	0.06785714285714285	0.09642857142857143	0.033928571428571426	0.03571428571428571	0.0625	0.030357142857142857	0.06964285714285715	0.07678571428571429	0.039285714285714285	0.060714285714285714	0.007142857142857143	0.0375
O96011	0.08494208494208494	0.03088803088803089	0.03474903474903475	0.03474903474903475	0.023166023166023165	0.10038610038610038	0.023166023166023165	0.03474903474903475	0.03474903474903475	0.18532818532818532	0.011583011583011582	0.019305019305019305	0.04633204633204633	0.04633204633204633	0.09266409266409266	0.08494208494208494	0.015444015444015444	0.05405405405405406	0.019305019305019305	0.023166023166023165
P0CL52	0.0905109489051095	0.0072992700729927005	0.06277372262773723	0.06277372262773723	0.026277372262773723	0.06277372262773723	0.035036496350364967	0.05401459854014599	0.07591240875912408	0.07883211678832117	0.01897810218978102	0.059854014598540145	0.04525547445255475	0.040875912408759124	0.033576642335766425	0.08467153284671533	0.08905109489051095	0.061313868613138686	0.00291970802919708	0.0072992700729927005
P35606	0.0739514348785872	0.016556291390728478	0.06070640176600441	0.08388520971302428	0.037527593818984545	0.05849889624724062	0.025386313465783666	0.05739514348785872	0.06070640176600441	0.09713024282560706	0.019867549668874173	0.04525386313465784	0.03532008830022075	0.04083885209713024	0.04304635761589404	0.0673289183222958	0.04856512141280353	0.0717439293598234	0.02097130242825607	0.03532008830022075
P55196	0.06907894736842106	0.009868421052631578	0.06524122807017543	0.08881578947368421	0.025767543859649123	0.049890350877192985	0.021929824561403508	0.03782894736842105	0.06414473684210527	0.08662280701754387	0.02412280701754386	0.03399122807017544	0.07401315789473684	0.05975877192982456	0.07730263157894737	0.0800438596491228	0.052083333333333336	0.044407894736842105	0.008223684210526315	0.0268640350877193
P13631	0.05726872246696035	0.03303964757709251	0.048458149779735685	0.07488986784140969	0.04405286343612335	0.07709251101321586	0.013215859030837005	0.039647577092511016	0.06607929515418502	0.1013215859030837	0.039647577092511016	0.028634361233480177	0.08590308370044053	0.037444933920704845	0.05947136563876652	0.07929515418502203	0.05286343612334802	0.03524229074889868	0.0022026431718061676	0.024229074889867842
Q04863	0.06451612903225806	0.023297491039426525	0.06093189964157706	0.06630824372759857	0.034050179211469536	0.08781362007168458	0.023297491039426525	0.03763440860215054	0.03942652329749104	0.10215053763440861	0.012544802867383513	0.01971326164874552	0.1003584229390681	0.026881720430107527	0.06272401433691756	0.1003584229390681	0.044802867383512544	0.06451612903225806	0.007168458781362007	0.021505376344086023
P18847	0.07734806629834254	0.027624309392265192	0.022099447513812154	0.12154696132596685	0.027624309392265192	0.027624309392265192	0.027624309392265192	0.049723756906077346	0.09392265193370165	0.09392265193370165	0.022099447513812154	0.049723756906077346	0.049723756906077346	0.055248618784530384	0.0718232044198895	0.07734806629834254	0.03867403314917127	0.06077348066298342	0.0	0.0055248618784530384
P27699	0.08683473389355742	0.011204481792717087	0.036414565826330535	0.07282913165266107	0.0056022408963585435	0.06442577030812324	0.01680672268907563	0.056022408963585436	0.047619047619047616	0.05322128851540616	0.03081232492997199	0.0196078431372549	0.06722689075630252	0.0896358543417367	0.056022408963585436	0.09523809523809523	0.08683473389355742	0.08403361344537816	0.0	0.0196078431372549
P12962	0.06832298136645963	0.006211180124223602	0.07453416149068323	0.11180124223602485	0.049689440993788817	0.043478260869565216	0.049689440993788817	0.055900621118012424	0.09937888198757763	0.055900621118012424	0.006211180124223602	0.049689440993788817	0.049689440993788817	0.024844720496894408	0.043478260869565216	0.062111801242236024	0.08074534161490683	0.055900621118012424	0.006211180124223602	0.006211180124223602
Q5JTD0	0.08976660682226212	0.010771992818671455	0.03949730700179533	0.11131059245960502	0.02154398563734291	0.04308797127468582	0.03231597845601436	0.02154398563734291	0.04129263913824058	0.11490125673249552	0.010771992818671455	0.03411131059245961	0.11131059245960502	0.04308797127468582	0.0807899461400359	0.0933572710951526	0.04488330341113106	0.03770197486535009	0.00718132854578097	0.010771992818671455
P23804	0.032719836400818	0.034764826175869123	0.07770961145194274	0.1083844580777096	0.02044989775051125	0.049079754601226995	0.018404907975460124	0.03680981595092025	0.065439672801636	0.07770961145194274	0.018404907975460124	0.03067484662576687	0.053169734151329244	0.04703476482617587	0.044989775051124746	0.147239263803681	0.05112474437627812	0.05112474437627812	0.006134969325153374	0.028629856850715747
Q07326	0.0410958904109589	0.0410958904109589	0.0136986301369863	0.0273972602739726	0.0730593607305936	0.045662100456621	0.0182648401826484	0.0821917808219178	0.0410958904109589	0.1598173515981735	0.0091324200913242	0.045662100456621	0.045662100456621	0.0136986301369863	0.0273972602739726	0.091324200913242	0.0730593607305936	0.0776255707762557	0.0410958904109589	0.0319634703196347
Q8NI70	0.03731343283582089	0.014925373134328358	0.014925373134328358	0.0	0.022388059701492536	0.007462686567164179	0.08208955223880597	0.08208955223880597	0.029850746268656716	0.08955223880597014	0.022388059701492536	0.06716417910447761	0.19402985074626866	0.014925373134328358	0.13432835820895522	0.08955223880597014	0.06716417910447761	0.007462686567164179	0.0	0.022388059701492536
Q16513	0.054878048780487805	0.01524390243902439	0.06707317073170732	0.08028455284552846	0.044715447154471545	0.04369918699186992	0.017276422764227643	0.049796747967479675	0.06707317073170732	0.10264227642276423	0.022357723577235773	0.04065040650406504	0.056910569105691054	0.046747967479674794	0.06808943089430894	0.07926829268292683	0.051829268292682924	0.06300813008130081	0.01016260162601626	0.018292682926829267
P08107	0.08892355694227769	0.0078003120124804995	0.07020280811232449	0.07332293291731669	0.0390015600624025	0.08580343213728549	0.0109204368174727	0.0655226209048362	0.078003120124805	0.078003120124805	0.014040561622464899	0.046801872074883	0.0374414976599064	0.0421216848673947	0.0483619344773791	0.0530421216848674	0.06396255850234009	0.07020280811232449	0.0031201248049922	0.0234009360374415
O15304	0.10285714285714286	0.09142857142857143	0.045714285714285714	0.05714285714285714	0.022857142857142857	0.09142857142857143	0.011428571428571429	0.017142857142857144	0.04	0.08571428571428572	0.022857142857142857	0.0	0.05714285714285714	0.045714285714285714	0.07428571428571429	0.08	0.03428571428571429	0.09142857142857143	0.011428571428571429	0.017142857142857144
P49597	0.08755760368663594	0.020737327188940093	0.06912442396313365	0.07373271889400922	0.03456221198156682	0.06912442396313365	0.016129032258064516	0.052995391705069124	0.06451612903225806	0.07142857142857142	0.029953917050691243	0.03456221198156682	0.04608294930875576	0.018433179723502304	0.06451612903225806	0.11059907834101383	0.029953917050691243	0.07834101382488479	0.01152073732718894	0.016129032258064516
O54880	0.04304635761589404	0.033112582781456956	0.04966887417218543	0.059602649006622516	0.016556291390728478	0.09271523178807947	0.016556291390728478	0.029801324503311258	0.056291390728476824	0.07947019867549669	0.023178807947019868	0.013245033112582781	0.07947019867549669	0.059602649006622516	0.08278145695364239	0.10927152317880795	0.056291390728476824	0.056291390728476824	0.023178807947019868	0.019867549668874173
P10999	0.07204116638078903	0.005145797598627788	0.05660377358490566	0.12006861063464837	0.0137221269296741	0.03430531732418525	0.024013722126929673	0.036020583190394515	0.06689536878216124	0.11320754716981132	0.022298456260720412	0.032590051457975985	0.02058319039451115	0.07204116638078903	0.09262435677530018	0.08404802744425385	0.058319039451114926	0.048027444253859346	0.008576329331046312	0.018867924528301886
P62821	0.06341463414634146	0.01951219512195122	0.06341463414634146	0.05853658536585366	0.03902439024390244	0.08292682926829269	0.004878048780487805	0.06829268292682927	0.08292682926829269	0.07317073170731707	0.024390243902439025	0.04390243902439024	0.01951219512195122	0.03902439024390244	0.03414634146341464	0.07804878048780488	0.08780487804878048	0.06341463414634146	0.00975609756097561	0.04390243902439024
Q6ZP65	0.09075043630017451	0.013961605584642234	0.059336823734729496	0.1343804537521815	0.012216404886561954	0.04013961605584642	0.02443280977312391	0.027923211169284468	0.04537521815008726	0.13961605584642234	0.02617801047120419	0.019197207678883072	0.03315881326352531	0.08027923211169284	0.08551483420593368	0.09075043630017451	0.02617801047120419	0.04013961605584642	0.005235602094240838	0.005235602094240838
Q9NQX6	0.04103671706263499	0.06263498920086392	0.028077753779697623	0.08855291576673865	0.032397408207343416	0.07991360691144708	0.0734341252699784	0.04535637149028078	0.1079913606911447	0.04967602591792657	0.0064794816414686825	0.03455723542116631	0.03023758099352052	0.05183585313174946	0.06695464362850972	0.06263498920086392	0.056155507559395246	0.02591792656587473	0.012958963282937365	0.04319654427645788
P42229	0.07178841309823678	0.012594458438287154	0.05037783375314862	0.06926952141057935	0.03904282115869018	0.04659949622166247	0.02518891687657431	0.04659949622166247	0.05289672544080604	0.11335012594458438	0.0163727959697733	0.04534005037783375	0.0491183879093199	0.09445843828715365	0.05163727959697733	0.060453400503778336	0.04659949622166247	0.06423173803526448	0.020151133501259445	0.02392947103274559
P25205	0.07797029702970297	0.013613861386138614	0.08292079207920793	0.08168316831683169	0.028465346534653466	0.04702970297029703	0.019801980198019802	0.04950495049504951	0.07549504950495049	0.08292079207920793	0.024752475247524754	0.024752475247524754	0.03589108910891089	0.04950495049504951	0.0655940594059406	0.07549504950495049	0.05816831683168317	0.07301980198019802	0.0	0.03341584158415842
P60881	0.07766990291262135	0.019417475728155338	0.09223300970873786	0.11650485436893204	0.009708737864077669	0.06796116504854369	0.0048543689320388345	0.05339805825242718	0.05825242718446602	0.07766990291262135	0.06310679611650485	0.06796116504854369	0.009708737864077669	0.06310679611650485	0.0825242718446602	0.04854368932038835	0.03398058252427184	0.043689320388349516	0.0048543689320388345	0.0048543689320388345
Q62312	0.052364864864864864	0.04391891891891892	0.057432432432432436	0.07939189189189189	0.03209459459459459	0.04222972972972973	0.03547297297297297	0.05912162162162162	0.06418918918918919	0.09797297297297297	0.02364864864864865	0.04391891891891892	0.048986486486486486	0.028716216216216218	0.05067567567567568	0.08277027027027027	0.057432432432432436	0.060810810810810814	0.016891891891891893	0.02195945945945946
O14776	0.09927140255009108	0.0036429872495446266	0.044626593806921674	0.10018214936247723	0.030054644808743168	0.030054644808743168	0.01366120218579235	0.039162112932604735	0.08925318761384335	0.051001821493624776	0.03460837887067395	0.017304189435336976	0.10837887067395265	0.06830601092896176	0.06284153005464481	0.0610200364298725	0.06648451730418943	0.05191256830601093	0.011839708561020037	0.01639344262295082
P08047	0.08152866242038216	0.014012738853503185	0.022929936305732482	0.030573248407643312	0.015286624203821656	0.12484076433121019	0.01910828025477707	0.05222929936305733	0.025477707006369428	0.07006369426751592	0.017834394904458598	0.062420382165605096	0.0535031847133758	0.11337579617834395	0.0267515923566879	0.12229299363057325	0.08662420382165605	0.04713375796178344	0.005095541401273885	0.008917197452229299
O88777	0.06919642857142858	0.022321428571428572	0.04241071428571429	0.07589285714285714	0.05133928571428571	0.0625	0.011160714285714286	0.060267857142857144	0.033482142857142856	0.12053571428571429	0.03794642857142857	0.022321428571428572	0.0625	0.026785714285714284	0.026785714285714284	0.07142857142857142	0.05580357142857143	0.08035714285714286	0.017857142857142856	0.049107142857142856
O14640	0.0776978417266187	0.010071942446043165	0.058992805755395686	0.053237410071942444	0.031654676258992806	0.08633093525179857	0.02446043165467626	0.031654676258992806	0.031654676258992806	0.06618705035971223	0.02158273381294964	0.030215827338129497	0.08201438848920864	0.030215827338129497	0.08201438848920864	0.1237410071942446	0.0618705035971223	0.06330935251798561	0.010071942446043165	0.02302158273381295
Q16539	0.06944444444444445	0.011111111111111112	0.075	0.06388888888888888	0.03611111111111111	0.041666666666666664	0.03333333333333333	0.06111111111111111	0.05277777777777778	0.11944444444444445	0.030555555555555555	0.03888888888888889	0.04722222222222222	0.041666666666666664	0.05277777777777778	0.05555555555555555	0.05277777777777778	0.06111111111111111	0.013888888888888888	0.041666666666666664
P97503	0.14414414414414414	0.018018018018018018	0.042042042042042045	0.08108108108108109	0.018018018018018018	0.10810810810810811	0.012012012012012012	0.012012012012012012	0.03903903903903904	0.08108108108108109	0.009009009009009009	0.012012012012012012	0.07507507507507508	0.03903903903903904	0.08708708708708708	0.08408408408408409	0.04504504504504504	0.057057057057057055	0.012012012012012012	0.024024024024024024
P24394	0.06545454545454546	0.04242424242424243	0.03515151515151515	0.08	0.02666666666666667	0.0703030303030303	0.025454545454545455	0.027878787878787878	0.037575757575757575	0.09575757575757576	0.01575757575757576	0.03151515151515152	0.10787878787878788	0.04242424242424243	0.03272727272727273	0.10909090909090909	0.04606060606060606	0.06181818181818182	0.02303030303030303	0.02303030303030303
Q96I24	0.08216783216783216	0.01048951048951049	0.045454545454545456	0.050699300699300696	0.02972027972027972	0.11363636363636363	0.019230769230769232	0.06993006993006994	0.04195804195804196	0.045454545454545456	0.019230769230769232	0.03496503496503497	0.08041958041958042	0.09265734265734266	0.06118881118881119	0.06818181818181818	0.038461538461538464	0.06818181818181818	0.008741258741258742	0.019230769230769232
Q8WXW3	0.0488771466314399	0.0066050198150594455	0.047556142668428	0.14398943196829592	0.013210039630118891	0.0066050198150594455	0.022457067371202115	0.043593130779392336	0.10171730515191546	0.13606340819022458	0.019815059445178335	0.047556142668428	0.01453104359313078	0.0845442536327609	0.06869220607661823	0.06605019815059446	0.05416116248348745	0.04227212681638045	0.001321003963011889	0.03038309114927345
B9EKI3	0.07516040329972502	0.008249312557286892	0.04857928505957837	0.14023831347387716	0.015582034830430797	0.031164069660861594	0.013748854262144821	0.031164069660861594	0.07424381301558204	0.10174152153987168	0.015582034830430797	0.03666361136571952	0.03666361136571952	0.06691109074243813	0.05316223648029331	0.12832263978001834	0.05316223648029331	0.054078826764436295	0.00458295142071494	0.010999083409715857
P04234	0.06432748538011696	0.029239766081871343	0.07602339181286549	0.04678362573099415	0.029239766081871343	0.07602339181286549	0.023391812865497075	0.05847953216374269	0.029239766081871343	0.12280701754385964	0.011695906432748537	0.03508771929824561	0.029239766081871343	0.04093567251461988	0.06432748538011696	0.05847953216374269	0.08187134502923976	0.08187134502923976	0.011695906432748537	0.029239766081871343
O70373	0.06908768821966342	0.011514614703277236	0.047829937998228524	0.09565987599645705	0.022143489813994686	0.08325952170062002	0.022143489813994686	0.03365810451727192	0.03808680248007086	0.09034543844109831	0.01771479185119575	0.01771479185119575	0.08857395925597875	0.07971656333038087	0.0637732506643047	0.07440212577502214	0.0637732506643047	0.06288751107174491	0.00974313551815766	0.007971656333038087
P31269	0.1213235294117647	0.014705882352941176	0.051470588235294115	0.05514705882352941	0.03308823529411765	0.0625	0.04411764705882353	0.014705882352941176	0.051470588235294115	0.07720588235294118	0.01838235294117647	0.04779411764705882	0.09558823529411764	0.029411764705882353	0.06985294117647059	0.0625	0.05514705882352941	0.04044117647058824	0.014705882352941176	0.04044117647058824
P13569	0.056081081081081084	0.012162162162162163	0.03918918918918919	0.06283783783783783	0.057432432432432436	0.05675675675675676	0.016891891891891893	0.0804054054054054	0.062162162162162166	0.12364864864864865	0.025	0.03648648648648649	0.030405405405405407	0.04527027027027027	0.052702702702702706	0.0831081081081081	0.056081081081081084	0.060810810810810814	0.015540540540540541	0.02702702702702703
P79348	0.09893048128342247	0.0374331550802139	0.029411764705882353	0.09090909090909091	0.0374331550802139	0.045454545454545456	0.016042780748663103	0.029411764705882353	0.029411764705882353	0.10695187165775401	0.029411764705882353	0.0374331550802139	0.0855614973262032	0.040106951871657755	0.09090909090909091	0.08823529411764706	0.0427807486631016	0.03208556149732621	0.013368983957219251	0.01871657754010695
P24385	0.08813559322033898	0.04406779661016949	0.04406779661016949	0.1152542372881356	0.03389830508474576	0.010169491525423728	0.013559322033898305	0.04067796610169491	0.061016949152542375	0.12203389830508475	0.04067796610169491	0.04067796610169491	0.05084745762711865	0.04406779661016949	0.05423728813559322	0.05423728813559322	0.04406779661016949	0.0711864406779661	0.006779661016949152	0.020338983050847456
P15559	0.09124087591240876	0.0036496350364963502	0.043795620437956206	0.06204379562043796	0.06204379562043796	0.07664233576642336	0.025547445255474453	0.06934306569343066	0.08759124087591241	0.09124087591240876	0.025547445255474453	0.032846715328467155	0.04744525547445255	0.043795620437956206	0.032846715328467155	0.06204379562043796	0.032846715328467155	0.051094890510948905	0.021897810218978103	0.0364963503649635
P14151	0.051075268817204304	0.06989247311827956	0.043010752688172046	0.06451612903225806	0.0456989247311828	0.06989247311827956	0.01881720430107527	0.06720430107526881	0.06989247311827956	0.06182795698924731	0.021505376344086023	0.056451612903225805	0.053763440860215055	0.03225806451612903	0.02956989247311828	0.08064516129032258	0.06182795698924731	0.026881720430107527	0.04032258064516129	0.03494623655913978
Q8WXF8	0.09815950920245399	0.024539877300613498	0.03987730061349693	0.09202453987730061	0.018404907975460124	0.09202453987730061	0.012269938650306749	0.006134969325153374	0.015337423312883436	0.13496932515337423	0.012269938650306749	0.006134969325153374	0.049079754601226995	0.049079754601226995	0.1411042944785276	0.0950920245398773	0.03067484662576687	0.049079754601226995	0.009202453987730062	0.024539877300613498
P38919	0.06326034063260341	0.012165450121654502	0.0681265206812652	0.0705596107055961	0.0340632603406326	0.058394160583941604	0.012165450121654502	0.0827250608272506	0.05596107055961071	0.08759124087591241	0.038929440389294405	0.029197080291970802	0.029197080291970802	0.04866180048661801	0.07785888077858881	0.046228710462287104	0.07542579075425791	0.0705596107055961	0.0072992700729927005	0.031630170316301706
Q99K43	0.04311774461028192	0.01990049751243781	0.03316749585406302	0.1310116086235489	0.026533996683250415	0.03150912106135987	0.014925373134328358	0.04643449419568822	0.08955223880597014	0.11442786069651742	0.02155887230514096	0.03150912106135987	0.03814262023217247	0.06799336650082918	0.07628524046434494	0.08291873963515754	0.05804311774461028	0.04311774461028192	0.011608623548922056	0.01824212271973466
Q14746	0.05962059620596206	0.013550135501355014	0.05555555555555555	0.07859078590785908	0.03387533875338753	0.04336043360433604	0.017615176151761516	0.051490514905149054	0.07181571815718157	0.12737127371273713	0.02032520325203252	0.02981029810298103	0.04742547425474255	0.05555555555555555	0.05420054200542006	0.09620596205962059	0.04200542005420054	0.06910569105691057	0.008130081300813009	0.024390243902439025
P11505	0.0680327868852459	0.013934426229508197	0.054098360655737705	0.0778688524590164	0.04016393442622951	0.07459016393442623	0.014754098360655738	0.07704918032786885	0.07295081967213114	0.09262295081967213	0.021311475409836064	0.04590163934426229	0.047540983606557376	0.03278688524590164	0.04262295081967213	0.06147540983606557	0.05819672131147541	0.07622950819672131	0.010655737704918032	0.01721311475409836
P03393	0.04645476772616137	0.029339853300733496	0.04645476772616137	0.022004889975550123	0.03178484107579462	0.10268948655256724	0.017114914425427872	0.04156479217603912	0.04645476772616137	0.11246943765281174	0.017114914425427872	0.034229828850855744	0.09535452322738386	0.04156479217603912	0.05867970660146699	0.06845965770171149	0.08068459657701711	0.05623471882640587	0.029339853300733496	0.022004889975550123
P05814	0.048672566371681415	0.004424778761061947	0.02654867256637168	0.061946902654867256	0.022123893805309734	0.01327433628318584	0.022123893805309734	0.061946902654867256	0.05309734513274336	0.13716814159292035	0.017699115044247787	0.022123893805309734	0.17256637168141592	0.11061946902654868	0.01327433628318584	0.03982300884955752	0.03982300884955752	0.09734513274336283	0.004424778761061947	0.030973451327433628
P31150	0.05145413870246085	0.024608501118568233	0.07158836689038031	0.0738255033557047	0.042505592841163314	0.06935123042505593	0.011185682326621925	0.06711409395973154	0.06487695749440715	0.08053691275167785	0.03131991051454139	0.042505592841163314	0.04697986577181208	0.035794183445190156	0.04697986577181208	0.05592841163310962	0.053691275167785234	0.07158836689038031	0.0022371364653243847	0.05592841163310962
P78347	0.05711422845691383	0.009018036072144289	0.04008016032064128	0.1062124248496994	0.047094188376753505	0.052104208416833664	0.01002004008016032	0.05711422845691383	0.08517034068136273	0.06412825651302605	0.018036072144288578	0.04008016032064128	0.08517034068136273	0.03507014028056112	0.05410821643286573	0.07014028056112225	0.0531062124248497	0.0841683366733467	0.008016032064128256	0.02404809619238477
Q32MZ4	0.07425742574257425	0.013613861386138614	0.07425742574257425	0.15222772277227722	0.012376237623762377	0.06064356435643564	0.017326732673267328	0.02599009900990099	0.08168316831683169	0.06311881188118812	0.019801980198019802	0.04579207920792079	0.043316831683168314	0.04950495049504951	0.04702970297029703	0.08663366336633663	0.06806930693069307	0.05198019801980198	0.0012376237623762376	0.011138613861386138
Q9Y2D8	0.03257328990228013	0.02280130293159609	0.05374592833876222	0.10423452768729642	0.024429967426710098	0.03420195439739414	0.021172638436482084	0.04071661237785016	0.08957654723127036	0.10423452768729642	0.02768729641693811	0.05374592833876222	0.02280130293159609	0.0749185667752443	0.05537459283387622	0.10423452768729642	0.05211726384364821	0.043973941368078175	0.013029315960912053	0.024429967426710098
O75414	0.0913978494623656	0.016129032258064516	0.03763440860215054	0.06989247311827956	0.053763440860215055	0.06989247311827956	0.03763440860215054	0.053763440860215055	0.021505376344086023	0.0967741935483871	0.021505376344086023	0.010752688172043012	0.05913978494623656	0.04838709677419355	0.0967741935483871	0.06451612903225806	0.043010752688172046	0.05913978494623656	0.016129032258064516	0.03225806451612903
P20963	0.08536585365853659	0.006097560975609756	0.06097560975609756	0.06097560975609756	0.03048780487804878	0.09146341463414634	0.012195121951219513	0.036585365853658534	0.07317073170731707	0.13414634146341464	0.03048780487804878	0.03048780487804878	0.04878048780487805	0.07317073170731707	0.07926829268292683	0.03048780487804878	0.036585365853658534	0.018292682926829267	0.006097560975609756	0.054878048780487805
Q61730	0.03508771929824561	0.021052631578947368	0.04912280701754386	0.06842105263157895	0.043859649122807015	0.05087719298245614	0.021052631578947368	0.05087719298245614	0.07192982456140351	0.09298245614035087	0.021052631578947368	0.04736842105263158	0.04912280701754386	0.02982456140350877	0.04912280701754386	0.06666666666666667	0.06140350877192982	0.09824561403508772	0.021052631578947368	0.05087719298245614
Q8IUI8	0.04751131221719457	0.02262443438914027	0.06561085972850679	0.08597285067873303	0.042986425339366516	0.0746606334841629	0.024886877828054297	0.04751131221719457	0.04072398190045249	0.09728506787330317	0.00904977375565611	0.03619909502262444	0.03619909502262444	0.05203619909502263	0.06334841628959276	0.07239819004524888	0.058823529411764705	0.083710407239819	0.01583710407239819	0.02262443438914027
P01100	0.10526315789473684	0.021052631578947368	0.05263157894736842	0.08157894736842106	0.042105263157894736	0.05	0.013157894736842105	0.021052631578947368	0.03684210526315789	0.08421052631578947	0.02631578947368421	0.021052631578947368	0.09210526315789473	0.02368421052631579	0.05	0.14473684210526316	0.06315789473684211	0.04736842105263158	0.005263157894736842	0.018421052631578946
P62880	0.08235294117647059	0.03823529411764706	0.08823529411764706	0.026470588235294117	0.03529411764705882	0.09117647058823529	0.023529411764705882	0.058823529411764705	0.023529411764705882	0.08823529411764706	0.026470588235294117	0.03823529411764706	0.01764705882352941	0.03529411764705882	0.07058823529411765	0.08823529411764706	0.07058823529411765	0.05	0.023529411764705882	0.023529411764705882
Q96MW5	0.09967320261437909	0.017973856209150325	0.0392156862745098	0.08496732026143791	0.05065359477124183	0.05228758169934641	0.014705882352941176	0.05555555555555555	0.0196078431372549	0.12745098039215685	0.0196078431372549	0.029411764705882353	0.06862745098039216	0.06045751633986928	0.07352941176470588	0.05065359477124183	0.05228758169934641	0.05555555555555555	0.004901960784313725	0.02287581699346405
P82471	0.055710306406685235	0.013927576601671309	0.07799442896935933	0.0807799442896936	0.04735376044568245	0.03064066852367688	0.016713091922005572	0.06685236768802229	0.06128133704735376	0.09192200557103064	0.03064066852367688	0.04178272980501393	0.03064066852367688	0.04456824512534819	0.07520891364902507	0.06128133704735376	0.04735376044568245	0.06685236768802229	0.008356545961002786	0.05013927576601671
P04156	0.039525691699604744	0.015810276679841896	0.023715415019762844	0.03557312252964427	0.02766798418972332	0.17786561264822134	0.039525691699604744	0.03557312252964427	0.039525691699604744	0.04743083003952569	0.04743083003952569	0.04743083003952569	0.06719367588932806	0.05928853754940711	0.043478260869565216	0.05928853754940711	0.05138339920948617	0.05533596837944664	0.03557312252964427	0.05138339920948617
Q9BSI4	0.082039911308204	0.026607538802660754	0.03547671840354767	0.07317073170731707	0.024390243902439025	0.0598669623059867	0.026607538802660754	0.022172949002217297	0.050997782705099776	0.12416851441241686	0.019955654101995565	0.022172949002217297	0.09534368070953436	0.06430155210643015	0.06430155210643015	0.07095343680709534	0.04434589800443459	0.0598669623059867	0.013303769401330377	0.019955654101995565
P06730	0.05069124423963134	0.018433179723502304	0.06451612903225806	0.08294930875576037	0.03686635944700461	0.05069124423963134	0.02304147465437788	0.05069124423963134	0.07373271889400922	0.07834101382488479	0.013824884792626729	0.059907834101382486	0.05069124423963134	0.03225806451612903	0.055299539170506916	0.055299539170506916	0.08294930875576037	0.055299539170506916	0.03686635944700461	0.027649769585253458
P19838	0.07541322314049587	0.011363636363636364	0.07128099173553719	0.06611570247933884	0.03305785123966942	0.09297520661157024	0.030991735537190084	0.038223140495867766	0.05991735537190083	0.11363636363636363	0.022727272727272728	0.03615702479338843	0.05165289256198347	0.042355371900826444	0.03615702479338843	0.06198347107438017	0.06301652892561983	0.06198347107438017	0.004132231404958678	0.026859504132231406
P51965	0.05181347150259067	0.025906735751295335	0.06217616580310881	0.04145077720207254	0.025906735751295335	0.04145077720207254	0.010362694300518135	0.06217616580310881	0.07772020725388601	0.07253886010362694	0.02072538860103627	0.05181347150259067	0.07253886010362694	0.031088082901554404	0.046632124352331605	0.13471502590673576	0.08808290155440414	0.03626943005181347	0.015544041450777202	0.031088082901554404
O35625	0.06836616454229433	0.016222479721900347	0.05098493626882966	0.09385863267670916	0.02549246813441483	0.07068366164542295	0.03476245654692932	0.030127462340672075	0.05909617612977984	0.07184241019698726	0.01853997682502897	0.02549246813441483	0.07879490150637311	0.04287369640787949	0.07531865585168018	0.09385863267670916	0.04982618771726535	0.056778679026651215	0.009269988412514484	0.027809965237543453
P35917	0.07043286867204696	0.02714600146735143	0.05429200293470286	0.07336757153338225	0.03154805575935436	0.0652971386647102	0.027879677182685254	0.03888481291269259	0.04475421863536317	0.09684519442406456	0.02127659574468085	0.036683785766691124	0.05649303008070433	0.04035216434336023	0.06382978723404255	0.07776962582538519	0.05282465150403522	0.06823184152604549	0.019809244314013204	0.032281731474688186
P42224	0.036	0.013333333333333334	0.050666666666666665	0.08666666666666667	0.04533333333333334	0.036	0.021333333333333333	0.04933333333333333	0.07333333333333333	0.12	0.025333333333333333	0.06	0.04666666666666667	0.072	0.04533333333333334	0.06666666666666667	0.048	0.06	0.02	0.024
P28574	0.0875	0.0	0.09375	0.0875	0.01875	0.03125	0.0375	0.0375	0.06875	0.06875	0.01875	0.04375	0.03125	0.08125	0.0875	0.13125	0.03125	0.01875	0.0	0.025
P17918	0.07662835249042145	0.022988505747126436	0.06513409961685823	0.08812260536398467	0.03065134099616858	0.05363984674329502	0.01532567049808429	0.05747126436781609	0.06130268199233716	0.1111111111111111	0.038314176245210725	0.04980842911877394	0.03065134099616858	0.02681992337164751	0.03065134099616858	0.08812260536398467	0.04597701149425287	0.07662835249042145	0.0038314176245210726	0.02681992337164751
Q8WWY3	0.08617234468937876	0.008016032064128256	0.04008016032064128	0.11022044088176353	0.02404809619238477	0.06412825651302605	0.012024048096192385	0.056112224448897796	0.08016032064128256	0.09218436873747494	0.03006012024048096	0.036072144288577156	0.036072144288577156	0.04609218436873747	0.05410821643286573	0.0841683366733467	0.050100200400801605	0.05811623246492986	0.004008016032064128	0.028056112224448898
